0.45269344330171235	0.547306556698296
0.5495208671874015	0.4504791328126079
0.5495208671874015	0.4504791328126079
0.5495208671874015	0.4504791328126079
0.5495208671874015	0.4504791328126079
0.5495208671874015	0.4504791328126079
0.5495208671874015	0.4504791328126079
0.5495208671874015	0.4504791328126079
0.5495208671874015	0.4504791328126079
0.5495208671874015	0.4504791328126079
0.5495208671874015	0.4504791328126079
0.5495208671874015	0.4504791328126079
0.5495208671874015	0.4504791328126079
0.5495208671874015	0.4504791328126079
0.5495208671874015	0.4504791328126079
0.5495208671874015	0.4504791328126079
0.5495208671874015	0.4504791328126079
0.5495208671874015	0.4504791328126079
0.5495208671874015	0.4504791328126079
0.5495208671874015	0.4504791328126079
0.45269344330171235	0.547306556698296
0.5495208671874015	0.4504791328126079
0.5495208671874015	0.4504791328126079
0.45047913281261165	0.5495208671873973
0.45162831806406223	0.5483716819359467
0.5495208671874015	0.4504791328126079
0.5495208671874015	0.4504791328126079
0.5495208671874015	0.4504791328126079
0.5495208671874015	0.4504791328126079
0.5495208671874015	0.4504791328126079
0.5495208671874015	0.4504791328126079
0.5495208671874015	0.4504791328126079
0.5495208671874015	0.4504791328126079
0.5495208671874015	0.4504791328126079
0.5495208671874015	0.4504791328126079
0.5495208671874015	0.4504791328126079
0.5495208671874015	0.4504791328126079
0.5495208671874015	0.4504791328126079
0.45269344330171235	0.547306556698296
0.5495208671874015	0.4504791328126079
0.5495208671874015	0.4504791328126079
0.5495208671874015	0.4504791328126079
0.5495208671874015	0.4504791328126079
0.5495208671874015	0.4504791328126079
0.5495208671874015	0.4504791328126079
0.5495208671874015	0.4504791328126079
0.5495208671874015	0.4504791328126079
0.5495208671874015	0.4504791328126079
0.5495208671874015	0.4504791328126079
0.5495208671874015	0.4504791328126079
0.5495208671874015	0.4504791328126079
0.5495208671874015	0.4504791328126079
0.5495208671874015	0.4504791328126079
0.5495208671874015	0.4504791328126079
0.5495208671874015	0.4504791328126079
0.5495208671874015	0.4504791328126079
0.45558878881424036	0.5444112111857689
0.45558878881424036	0.5444112111857689
0.5495208671874015	0.4504791328126079
0.5495208671874015	0.4504791328126079
0.5495208671874015	0.4504791328126079
0.5495208671874015	0.4504791328126079
0.45162831806406223	0.5483716819359467
0.5495208671874015	0.4504791328126079
0.46117032994803336	0.5388296700519747
0.5495208671874015	0.4504791328126079
0.5495208671874015	0.4504791328126079
0.5495208671874015	0.4504791328126079
0.5495208671874015	0.4504791328126079
0.5495208671874015	0.4504791328126079
0.5495208671874015	0.4504791328126079
0.5495208671874015	0.4504791328126079
0.5495208671874015	0.4504791328126079
0.5495208671874015	0.4504791328126079
0.4631765884673137	0.5368234115326962
0.5495208671874015	0.4504791328126079
0.5495208671874015	0.4504791328126079
0.5495208671874015	0.4504791328126079
0.5495208671874015	0.4504791328126079
0.5495208671874015	0.4504791328126079
0.5495208671874015	0.4504791328126079
0.4508760995284512	0.5491239004715578
0.5495208671874015	0.4504791328126079
0.5495208671874015	0.4504791328126079
0.5495208671874015	0.4504791328126079
0.5495208671874015	0.4504791328126079
0.5495208671874015	0.4504791328126079
0.5495208671874015	0.4504791328126079
0.5495208671874015	0.4504791328126079
0.5495208671874015	0.4504791328126079
0.5495208671874015	0.4504791328126079
0.5495208671874015	0.4504791328126079
0.5495208671874015	0.4504791328126079
0.4508760995284512	0.5491239004715578
0.5495208671874015	0.4504791328126079
0.5495208671874015	0.4504791328126079
0.4707002739344386	0.5292997260655703
0.5495208671874015	0.4504791328126079
0.5495208671874015	0.4504791328126079
0.5495208671874015	0.4504791328126079
0.5495208671874015	0.4504791328126079
0.5495208671874015	0.4504791328126079
0.5495208671874015	0.4504791328126079
0.5495208671874015	0.4504791328126079
0.5495208671874015	0.4504791328126079
0.45047913281261165	0.5495208671873973
0.5495208671874015	0.4504791328126079
0.5495208671874015	0.4504791328126079
0.5495208671874015	0.4504791328126079
0.5495208671874015	0.4504791328126079
0.5495208671874015	0.4504791328126079
0.5495208671874015	0.4504791328126079
0.4508760995284512	0.5491239004715578
0.5495208671874015	0.4504791328126079
0.5495208671874015	0.4504791328126079
0.5495208671874015	0.4504791328126079
0.5495208671874015	0.4504791328126079
0.45920588537338847	0.5407941146266213
0.5495208671874015	0.4504791328126079
0.5495208671874015	0.4504791328126079
0.5495208671874015	0.4504791328126079
0.5495208671874015	0.4504791328126079
0.5495208671874015	0.4504791328126079
0.5495208671874015	0.4504791328126079
0.5495208671874015	0.4504791328126079
0.5495208671874015	0.4504791328126079
0.5495208671874015	0.4504791328126079
0.5495208671874015	0.4504791328126079
0.5495208671874015	0.4504791328126079
0.5495208671874015	0.4504791328126079
0.5495208671874015	0.4504791328126079
0.5495208671874015	0.4504791328126079
0.5495208671874015	0.4504791328126079
0.5495208671874015	0.4504791328126079
0.5495208671874015	0.4504791328126079
0.4540282988007409	0.5459717011992683
0.5495208671874015	0.4504791328126079
0.5495208671874015	0.4504791328126079
0.5495208671874015	0.4504791328126079
0.5495208671874015	0.4504791328126079
0.5495208671874015	0.4504791328126079
0.5495208671874015	0.4504791328126079
0.5495208671874015	0.4504791328126079
0.5495208671874015	0.4504791328126079
0.5495208671874015	0.4504791328126079
0.5495208671874015	0.4504791328126079
0.5495208671874015	0.4504791328126079
0.5495208671874015	0.4504791328126079
0.45047913281261165	0.5495208671873973
0.5495208671874015	0.4504791328126079
0.5495208671874015	0.4504791328126079
0.5495208671874015	0.4504791328126079
0.5495208671874015	0.4504791328126079
0.5495208671874015	0.4504791328126079
0.5495208671874015	0.4504791328126079
0.5495208671874015	0.4504791328126079
0.5495208671874015	0.4504791328126079
0.5495208671874015	0.4504791328126079
0.5495208671874015	0.4504791328126079
0.47355639689967877	0.5264436031003302
0.5495208671874015	0.4504791328126079
0.5209448587578863	0.47905514124212367
0.5495208671874015	0.4504791328126079
0.45558878881424036	0.5444112111857689
0.5495208671874015	0.4504791328126079
0.5495208671874015	0.4504791328126079
0.5495208671874015	0.4504791328126079
0.45920588537338847	0.5407941146266213
0.5495208671874015	0.4504791328126079
0.45558878881424036	0.5444112111857689
0.5495208671874015	0.4504791328126079
0.5495208671874015	0.4504791328126079
0.5495208671874015	0.4504791328126079
0.5495208671874015	0.4504791328126079
0.5495208671874015	0.4504791328126079
0.5495208671874015	0.4504791328126079
0.5495208671874015	0.4504791328126079
0.5495208671874015	0.4504791328126079
0.5495208671874015	0.4504791328126079
0.5495208671874015	0.4504791328126079
0.5495208671874015	0.4504791328126079
0.5495208671874015	0.4504791328126079
0.5495208671874015	0.4504791328126079
0.5495208671874015	0.4504791328126079
0.5495208671874015	0.4504791328126079
0.5495208671874015	0.4504791328126079
0.5495208671874015	0.4504791328126079
0.5495208671874015	0.4504791328126079
0.5495208671874015	0.4504791328126079
0.5495208671874015	0.4504791328126079
0.5495208671874015	0.4504791328126079
0.5495208671874015	0.4504791328126079
0.5495208671874015	0.4504791328126079
0.5495208671874015	0.4504791328126079
0.5495208671874015	0.4504791328126079
0.5495208671874015	0.4504791328126079
0.5495208671874015	0.4504791328126079
0.5495208671874015	0.4504791328126079
0.5495208671874015	0.4504791328126079
0.5495208671874015	0.4504791328126079
0.5495208671874015	0.4504791328126079
0.5495208671874015	0.4504791328126079
0.5495208671874015	0.4504791328126079
0.5495208671874015	0.4504791328126079
0.5495208671874015	0.4504791328126079
0.5495208671874015	0.4504791328126079
0.5495208671874015	0.4504791328126079
0.5495208671874015	0.4504791328126079
0.5495208671874015	0.4504791328126079
0.45047913281261165	0.5495208671873973
0.5495208671874015	0.4504791328126079
0.4540282988007409	0.5459717011992683
0.4540282988007409	0.5459717011992683
0.5495208671874015	0.4504791328126079
0.5495208671874015	0.4504791328126079
0.5495208671874015	0.4504791328126079
0.5495208671874015	0.4504791328126079
0.47355639689967877	0.5264436031003302
0.4508760995284512	0.5491239004715578
0.5495208671874015	0.4504791328126079
0.5495208671874015	0.4504791328126079
0.5495208671874015	0.4504791328126079
0.5495208671874015	0.4504791328126079
0.5495208671874015	0.4504791328126079
0.5495208671874015	0.4504791328126079
0.5495208671874015	0.4504791328126079
0.5495208671874015	0.4504791328126079
0.5495208671874015	0.4504791328126079
0.45162831806406223	0.5483716819359467
0.5495208671874015	0.4504791328126079
0.5495208671874015	0.4504791328126079
0.5495208671874015	0.4504791328126079
0.5495208671874015	0.4504791328126079
0.5495208671874015	0.4504791328126079
0.5495208671874015	0.4504791328126079
0.5495208671874015	0.4504791328126079
0.45047913281261165	0.5495208671873973
0.5495208671874015	0.4504791328126079
0.5495208671874015	0.4504791328126079
0.5495208671874015	0.4504791328126079
0.5495208671874015	0.4504791328126079
0.5495208671874015	0.4504791328126079
0.5495208671874015	0.4504791328126079
0.4631765884673137	0.5368234115326962
0.5495208671874015	0.4504791328126079
0.5495208671874015	0.4504791328126079
0.45269344330171235	0.547306556698296
0.5495208671874015	0.4504791328126079
0.5495208671874015	0.4504791328126079
0.5495208671874015	0.4504791328126079
0.5495208671874015	0.4504791328126079
0.5495208671874015	0.4504791328126079
0.5495208671874015	0.4504791328126079
0.5495208671874015	0.4504791328126079
0.5495208671874015	0.4504791328126079
0.5455813796907246	0.4544186203092845
0.5495208671874015	0.4504791328126079
0.5495208671874015	0.4504791328126079
0.5495208671874015	0.4504791328126079
0.5495208671874015	0.4504791328126079
0.5495208671874015	0.4504791328126079
0.5495208671874015	0.4504791328126079
0.5495208671874015	0.4504791328126079
0.5495208671874015	0.4504791328126079
0.5495208671874015	0.4504791328126079
0.5495208671874015	0.4504791328126079
0.5495208671874015	0.4504791328126079
0.5495208671874015	0.4504791328126079
0.5495208671874015	0.4504791328126079
0.5495208671874015	0.4504791328126079
0.5495208671874015	0.4504791328126079
0.5495208671874015	0.4504791328126079
0.5495208671874015	0.4504791328126079
0.5495208671874015	0.4504791328126079
0.5495208671874015	0.4504791328126079
0.5495208671874015	0.4504791328126079
0.5495208671874015	0.4504791328126079
0.5495208671874015	0.4504791328126079
0.5495208671874015	0.4504791328126079
0.5495208671874015	0.4504791328126079
0.5495208671874015	0.4504791328126079
0.5495208671874015	0.4504791328126079
0.5495208671874015	0.4504791328126079
0.5495208671874015	0.4504791328126079
0.5495208671874015	0.4504791328126079
0.5495208671874015	0.4504791328126079
0.4573299141077418	0.5426700858922677
0.5495208671874015	0.4504791328126079
0.5495208671874015	0.4504791328126079
0.5495208671874015	0.4504791328126079
0.5495208671874015	0.4504791328126079
0.5495208671874015	0.4504791328126079
0.5495208671874015	0.4504791328126079
0.5495208671874015	0.4504791328126079
0.5495208671874015	0.4504791328126079
0.5495208671874015	0.4504791328126079
0.5495208671874015	0.4504791328126079
0.5495208671874015	0.4504791328126079
0.5495208671874015	0.4504791328126079
0.5495208671874015	0.4504791328126079
0.5495208671874015	0.4504791328126079
0.5495208671874015	0.4504791328126079
0.4671288587657999	0.5328711412342095
0.5495208671874015	0.4504791328126079
0.5495208671874015	0.4504791328126079
0.5495208671874015	0.4504791328126079
0.5495208671874015	0.4504791328126079
0.4746247538552045	0.5253752461448068
0.5495208671874015	0.4504791328126079
0.5495208671874015	0.4504791328126079
0.5495208671874015	0.4504791328126079
0.5495208671874015	0.4504791328126079
0.5495208671874015	0.4504791328126079
0.5495208671874015	0.4504791328126079
0.5495208671874015	0.4504791328126079
0.5495208671874015	0.4504791328126079
0.5495208671874015	0.4504791328126079
0.5495208671874015	0.4504791328126079
0.4508760995284512	0.5491239004715578
0.5495208671874015	0.4504791328126079
0.527738427987174	0.47226157201283525
0.5495208671874015	0.4504791328126079
0.5495208671874015	0.4504791328126079
0.5495208671874015	0.4504791328126079
0.5495208671874015	0.4504791328126079
0.5495208671874015	0.4504791328126079
0.5495208671874015	0.4504791328126079
0.5495208671874015	0.4504791328126079
0.4733915167854747	0.5266084832145344
0.5495208671874015	0.4504791328126079
0.5495208671874015	0.4504791328126079
0.5495208671874015	0.4504791328126079
0.5495208671874015	0.4504791328126079
0.5495208671874015	0.4504791328126079
0.5495208671874015	0.4504791328126079
0.5495208671874015	0.4504791328126079
0.5495208671874015	0.4504791328126079
0.5495208671874015	0.4504791328126079
0.47355639689967877	0.5264436031003302
0.5495208671874015	0.4504791328126079
0.45920588537338847	0.5407941146266213
0.5495208671874015	0.4504791328126079
0.5495208671874015	0.4504791328126079
0.5495208671874015	0.4504791328126079
0.5495208671874015	0.4504791328126079
0.5495208671874015	0.4504791328126079
0.5495208671874015	0.4504791328126079
0.5495208671874015	0.4504791328126079
0.5495208671874015	0.4504791328126079
0.5495208671874015	0.4504791328126079
0.5495208671874015	0.4504791328126079
0.45269344330171235	0.547306556698296
0.5495208671874015	0.4504791328126079
0.5495208671874015	0.4504791328126079
0.5495208671874015	0.4504791328126079
0.5495208671874015	0.4504791328126079
0.5495208671874015	0.4504791328126079
0.5495208671874015	0.4504791328126079
0.5495208671874015	0.4504791328126079
0.5495208671874015	0.4504791328126079
0.5495208671874015	0.4504791328126079
0.5495208671874015	0.4504791328126079
0.5495208671874015	0.4504791328126079
0.5495208671874015	0.4504791328126079
0.5495208671874015	0.4504791328126079
0.45269344330171235	0.547306556698296
0.5495208671874015	0.4504791328126079
0.5495208671874015	0.4504791328126079
0.5495208671874015	0.4504791328126079
0.5495208671874015	0.4504791328126079
0.47223697039914714	0.5277630296008619
0.5495208671874015	0.4504791328126079
0.5495208671874015	0.4504791328126079
0.5434370608902469	0.45656293910976137
0.5495208671874015	0.4504791328126079
0.5495208671874015	0.4504791328126079
0.4573299141077418	0.5426700858922677
0.5495208671874015	0.4504791328126079
0.5495208671874015	0.4504791328126079
0.5495208671874015	0.4504791328126079
0.5495208671874015	0.4504791328126079
0.45047913281261165	0.5495208671873973
0.5495208671874015	0.4504791328126079
0.5495208671874015	0.4504791328126079
0.5495208671874015	0.4504791328126079
0.5495208671874015	0.4504791328126079
0.5495208671874015	0.4504791328126079
0.5495208671874015	0.4504791328126079
0.45162831806406223	0.5483716819359467
0.5495208671874015	0.4504791328126079
0.5495208671874015	0.4504791328126079
0.4573299141077418	0.5426700858922677
0.5495208671874015	0.4504791328126079
0.5495208671874015	0.4504791328126079
0.5495208671874015	0.4504791328126079
0.5495208671874015	0.4504791328126079
0.5495208671874015	0.4504791328126079
0.5495208671874015	0.4504791328126079
0.5495208671874015	0.4504791328126079
0.45269344330171235	0.547306556698296
0.5495208671874015	0.4504791328126079
0.5495208671874015	0.4504791328126079
0.5495208671874015	0.4504791328126079
0.5495208671874015	0.4504791328126079
0.4631765884673137	0.5368234115326962
0.5495208671874015	0.4504791328126079
0.5495208671874015	0.4504791328126079
0.5495208671874015	0.4504791328126079
0.5495208671874015	0.4504791328126079
0.45162831806406223	0.5483716819359467
0.5495208671874015	0.4504791328126079
0.5495208671874015	0.4504791328126079
0.45162831806406223	0.5483716819359467
0.5495208671874015	0.4504791328126079
0.4746247538552045	0.5253752461448068
0.5495208671874015	0.4504791328126079
0.4689839758277752	0.5310160241722351
0.5495208671874015	0.4504791328126079
0.5495208671874015	0.4504791328126079
0.5495208671874015	0.4504791328126079
0.5495208671874015	0.4504791328126079
0.5495208671874015	0.4504791328126079
0.5495208671874015	0.4504791328126079
0.5495208671874015	0.4504791328126079
0.5495208671874015	0.4504791328126079
0.5495208671874015	0.4504791328126079
0.45558878881424036	0.5444112111857689
0.5495208671874015	0.4504791328126079
0.5495208671874015	0.4504791328126079
0.5495208671874015	0.4504791328126079
0.5495208671874015	0.4504791328126079
0.5495208671874015	0.4504791328126079
0.5495208671874015	0.4504791328126079
0.5495208671874015	0.4504791328126079
0.5495208671874015	0.4504791328126079
0.5495208671874015	0.4504791328126079
0.5495208671874015	0.4504791328126079
0.5495208671874015	0.4504791328126079
0.5495208671874015	0.4504791328126079
0.5495208671874015	0.4504791328126079
0.5495208671874015	0.4504791328126079
0.5495208671874015	0.4504791328126079
0.5495208671874015	0.4504791328126079
0.5495208671874015	0.4504791328126079
0.5495208671874015	0.4504791328126079
0.5495208671874015	0.4504791328126079
0.5495208671874015	0.4504791328126079
0.5495208671874015	0.4504791328126079
0.5495208671874015	0.4504791328126079
0.5495208671874015	0.4504791328126079
0.5495208671874015	0.4504791328126079
0.45269344330171235	0.547306556698296
0.5495208671874015	0.4504791328126079
0.5495208671874015	0.4504791328126079
0.5495208671874015	0.4504791328126079
0.5495208671874015	0.4504791328126079
0.5495208671874015	0.4504791328126079
0.47541287946883304	0.5245871205311774
0.5495208671874015	0.4504791328126079
0.5495208671874015	0.4504791328126079
0.5495208671874015	0.4504791328126079
0.5495208671874015	0.4504791328126079
0.5495208671874015	0.4504791328126079
0.5495208671874015	0.4504791328126079
0.5495208671874015	0.4504791328126079
0.5495208671874015	0.4504791328126079
0.5495208671874015	0.4504791328126079
0.5495208671874015	0.4504791328126079
0.5495208671874015	0.4504791328126079
0.5495208671874015	0.4504791328126079
0.5495208671874015	0.4504791328126079
0.5495208671874015	0.4504791328126079
0.5495208671874015	0.4504791328126079
0.5495208671874015	0.4504791328126079
0.5495208671874015	0.4504791328126079
0.5495208671874015	0.4504791328126079
0.5495208671874015	0.4504791328126079
0.5495208671874015	0.4504791328126079
0.5495208671874015	0.4504791328126079
0.5495208671874015	0.4504791328126079
0.5495208671874015	0.4504791328126079
0.5495208671874015	0.4504791328126079
0.5495208671874015	0.4504791328126079
0.45269344330171235	0.547306556698296
0.45920588537338847	0.5407941146266213
0.5495208671874015	0.4504791328126079
0.5495208671874015	0.4504791328126079
0.5495208671874015	0.4504791328126079
0.5495208671874015	0.4504791328126079
0.4631765884673137	0.5368234115326962
0.5495208671874015	0.4504791328126079
0.5495208671874015	0.4504791328126079
0.5495208671874015	0.4504791328126079
0.5495208671874015	0.4504791328126079
0.5495208671874015	0.4504791328126079
0.5495208671874015	0.4504791328126079
0.5495208671874015	0.4504791328126079
0.5495208671874015	0.4504791328126079
0.5495208671874015	0.4504791328126079
0.5495208671874015	0.4504791328126079
0.5495208671874015	0.4504791328126079
0.5495208671874015	0.4504791328126079
0.5495208671874015	0.4504791328126079
0.5495208671874015	0.4504791328126079
0.5495208671874015	0.4504791328126079
0.5495208671874015	0.4504791328126079
0.5495208671874015	0.4504791328126079
0.5495208671874015	0.4504791328126079
0.4508760995284512	0.5491239004715578
0.5495208671874015	0.4504791328126079
0.5495208671874015	0.4504791328126079
0.5495208671874015	0.4504791328126079
0.5495208671874015	0.4504791328126079
0.5495208671874015	0.4504791328126079
0.5495208671874015	0.4504791328126079
0.5495208671874015	0.4504791328126079
0.5495208671874015	0.4504791328126079
0.5495208671874015	0.4504791328126079
0.5495208671874015	0.4504791328126079
0.5495208671874015	0.4504791328126079
0.5495208671874015	0.4504791328126079
0.5495208671874015	0.4504791328126079
0.5495208671874015	0.4504791328126079
0.5495208671874015	0.4504791328126079
0.5495208671874015	0.4504791328126079
0.5495208671874015	0.4504791328126079
0.5495208671874015	0.4504791328126079
0.5495208671874015	0.4504791328126079
0.5495208671874015	0.4504791328126079
0.5495208671874015	0.4504791328126079
0.5495208671874015	0.4504791328126079
0.5495208671874015	0.4504791328126079
0.5495208671874015	0.4504791328126079
0.5495208671874015	0.4504791328126079
0.5495208671874015	0.4504791328126079
0.5495208671874015	0.4504791328126079
0.5495208671874015	0.4504791328126079
0.5495208671874015	0.4504791328126079
0.5495208671874015	0.4504791328126079
0.5495208671874015	0.4504791328126079
0.5495208671874015	0.4504791328126079
0.5495208671874015	0.4504791328126079
0.5495208671874015	0.4504791328126079
0.5495208671874015	0.4504791328126079
0.45047913281261165	0.5495208671873973
0.5495208671874015	0.4504791328126079
0.5495208671874015	0.4504791328126079
0.5495208671874015	0.4504791328126079
0.5495208671874015	0.4504791328126079
0.5495208671874015	0.4504791328126079
0.5495208671874015	0.4504791328126079
0.45047913281261165	0.5495208671873973
0.5495208671874015	0.4504791328126079
0.5495208671874015	0.4504791328126079
0.5495208671874015	0.4504791328126079
0.5495208671874015	0.4504791328126079
0.5495208671874015	0.4504791328126079
0.5495208671874015	0.4504791328126079
0.5495208671874015	0.4504791328126079
0.5495208671874015	0.4504791328126079
0.5495208671874015	0.4504791328126079
0.5495208671874015	0.4504791328126079
0.46517809815561495	0.5348219018443939
0.5495208671874015	0.4504791328126079
0.5495208671874015	0.4504791328126079
0.5495208671874015	0.4504791328126079
0.5495208671874015	0.4504791328126079
0.5495208671874015	0.4504791328126079
0.5495208671874015	0.4504791328126079
0.4540282988007409	0.5459717011992683
0.5495208671874015	0.4504791328126079
0.5495208671874015	0.4504791328126079
0.5495208671874015	0.4504791328126079
0.5495208671874015	0.4504791328126079
0.5495208671874015	0.4504791328126079
0.5495208671874015	0.4504791328126079
0.5495208671874015	0.4504791328126079
0.5495208671874015	0.4504791328126079
0.5495208671874015	0.4504791328126079
0.5495208671874015	0.4504791328126079
0.5495208671874015	0.4504791328126079
0.5495208671874015	0.4504791328126079
0.5495208671874015	0.4504791328126079
0.5495208671874015	0.4504791328126079
0.5495208671874015	0.4504791328126079
0.5495208671874015	0.4504791328126079
0.5495208671874015	0.4504791328126079
0.5495208671874015	0.4504791328126079
0.5495208671874015	0.4504791328126079
0.5495208671874015	0.4504791328126079
0.5495208671874015	0.4504791328126079
0.5495208671874015	0.4504791328126079
0.5495208671874015	0.4504791328126079
0.5495208671874015	0.4504791328126079
0.5495208671874015	0.4504791328126079
0.5495208671874015	0.4504791328126079
0.5495208671874015	0.4504791328126079
0.5495208671874015	0.4504791328126079
0.5495208671874015	0.4504791328126079
0.5495208671874015	0.4504791328126079
0.4508760995284512	0.5491239004715578
0.45047913281261165	0.5495208671873973
0.5495208671874015	0.4504791328126079
0.5495208671874015	0.4504791328126079
0.5495208671874015	0.4504791328126079
0.5495208671874015	0.4504791328126079
0.5495208671874015	0.4504791328126079
0.4760595285291096	0.5239404714708977
0.5495208671874015	0.4504791328126079
0.5495208671874015	0.4504791328126079
0.5495208671874015	0.4504791328126079
0.5495208671874015	0.4504791328126079
0.5495208671874015	0.4504791328126079
0.5495208671874015	0.4504791328126079
0.5495208671874015	0.4504791328126079
0.5495208671874015	0.4504791328126079
0.5495208671874015	0.4504791328126079
0.5495208671874015	0.4504791328126079
0.5495208671874015	0.4504791328126079
0.5495208671874015	0.4504791328126079
0.5495208671874015	0.4504791328126079
0.5495208671874015	0.4504791328126079
0.5495208671874015	0.4504791328126079
0.5495208671874015	0.4504791328126079
0.5495208671874015	0.4504791328126079
0.5495208671874015	0.4504791328126079
0.5495208671874015	0.4504791328126079
0.5495208671874015	0.4504791328126079
0.5495208671874015	0.4504791328126079
0.5495208671874015	0.4504791328126079
0.5495208671874015	0.4504791328126079
0.5495208671874015	0.4504791328126079
0.5495208671874015	0.4504791328126079
0.5495208671874015	0.4504791328126079
0.5495208671874015	0.4504791328126079
0.5495208671874015	0.4504791328126079
0.5495208671874015	0.4504791328126079
0.45047913281261165	0.5495208671873973
0.5495208671874015	0.4504791328126079
0.5495208671874015	0.4504791328126079
0.5495208671874015	0.4504791328126079
0.5495208671874015	0.4504791328126079
0.5495208671874015	0.4504791328126079
0.5495208671874015	0.4504791328126079
0.5495208671874015	0.4504791328126079
0.5495208671874015	0.4504791328126079
0.5495208671874015	0.4504791328126079
0.5495208671874015	0.4504791328126079
0.5495208671874015	0.4504791328126079
0.5495208671874015	0.4504791328126079
0.5495208671874015	0.4504791328126079
0.5495208671874015	0.4504791328126079
0.5495208671874015	0.4504791328126079
0.5495208671874015	0.4504791328126079
0.5495208671874015	0.4504791328126079
0.5495208671874015	0.4504791328126079
0.5495208671874015	0.4504791328126079
0.5495208671874015	0.4504791328126079
0.5495208671874015	0.4504791328126079
0.5495208671874015	0.4504791328126079
0.5495208671874015	0.4504791328126079
0.5495208671874015	0.4504791328126079
0.5495208671874015	0.4504791328126079
0.5495208671874015	0.4504791328126079
0.5495208671874015	0.4504791328126079
0.5495208671874015	0.4504791328126079
0.5495208671874015	0.4504791328126079
0.5495208671874015	0.4504791328126079
0.5495208671874015	0.4504791328126079
0.5495208671874015	0.4504791328126079
0.46117032994803336	0.5388296700519747
0.5495208671874015	0.4504791328126079
0.5495208671874015	0.4504791328126079
0.5495208671874015	0.4504791328126079
0.5495208671874015	0.4504791328126079
0.5495208671874015	0.4504791328126079
0.5495208671874015	0.4504791328126079
0.5495208671874015	0.4504791328126079
0.5495208671874015	0.4504791328126079
0.5495208671874015	0.4504791328126079
0.5495208671874015	0.4504791328126079
0.5495208671874015	0.4504791328126079
0.5495208671874015	0.4504791328126079
0.5495208671874015	0.4504791328126079
0.5495208671874015	0.4504791328126079
0.5495208671874015	0.4504791328126079
0.5495208671874015	0.4504791328126079
0.5495208671874015	0.4504791328126079
0.4707002739344386	0.5292997260655703
0.5495208671874015	0.4504791328126079
0.46117032994803336	0.5388296700519747
0.5495208671874015	0.4504791328126079
0.5495208671874015	0.4504791328126079
0.5495208671874015	0.4504791328126079
0.5495208671874015	0.4504791328126079
0.5495208671874015	0.4504791328126079
0.5495208671874015	0.4504791328126079
0.5495208671874015	0.4504791328126079
0.5495208671874015	0.4504791328126079
0.5495208671874015	0.4504791328126079
0.5495208671874015	0.4504791328126079
0.5495208671874015	0.4504791328126079
0.5495208671874015	0.4504791328126079
0.5495208671874015	0.4504791328126079
0.5495208671874015	0.4504791328126079
0.5495208671874015	0.4504791328126079
0.5495208671874015	0.4504791328126079
0.5495208671874015	0.4504791328126079
0.5495208671874015	0.4504791328126079
0.5495208671874015	0.4504791328126079
0.5495208671874015	0.4504791328126079
0.5495208671874015	0.4504791328126079
0.5495208671874015	0.4504791328126079
0.5495208671874015	0.4504791328126079
0.5495208671874015	0.4504791328126079
0.5495208671874015	0.4504791328126079
0.5495208671874015	0.4504791328126079
0.5495208671874015	0.4504791328126079
0.5495208671874015	0.4504791328126079
0.5495208671874015	0.4504791328126079
0.5495208671874015	0.4504791328126079
0.5495208671874015	0.4504791328126079
0.46517809815561495	0.5348219018443939
0.5495208671874015	0.4504791328126079
0.5495208671874015	0.4504791328126079
0.5495208671874015	0.4504791328126079
0.5495208671874015	0.4504791328126079
0.5495208671874015	0.4504791328126079
0.5495208671874015	0.4504791328126079
0.5495208671874015	0.4504791328126079
0.5495208671874015	0.4504791328126079
0.5495208671874015	0.4504791328126079
0.5495208671874015	0.4504791328126079
0.5495208671874015	0.4504791328126079
0.5495208671874015	0.4504791328126079
0.5495208671874015	0.4504791328126079
0.5495208671874015	0.4504791328126079
0.45269344330171235	0.547306556698296
0.5495208671874015	0.4504791328126079
0.5495208671874015	0.4504791328126079
0.5495208671874015	0.4504791328126079
0.5495208671874015	0.4504791328126079
0.5495208671874015	0.4504791328126079
0.5495208671874015	0.4504791328126079
0.4573299141077418	0.5426700858922677
0.5495208671874015	0.4504791328126079
0.5495208671874015	0.4504791328126079
0.5495208671874015	0.4504791328126079
0.5495208671874015	0.4504791328126079
0.5495208671874015	0.4504791328126079
0.5495208671874015	0.4504791328126079
0.5495208671874015	0.4504791328126079
0.5495208671874015	0.4504791328126079
0.5495208671874015	0.4504791328126079
0.5495208671874015	0.4504791328126079
0.5495208671874015	0.4504791328126079
0.5495208671874015	0.4504791328126079
0.5495208671874015	0.4504791328126079
0.5495208671874015	0.4504791328126079
0.45047913281261165	0.5495208671873973
0.5495208671874015	0.4504791328126079
0.4508760995284512	0.5491239004715578
0.5495208671874015	0.4504791328126079
0.5495208671874015	0.4504791328126079
0.5495208671874015	0.4504791328126079
0.5495208671874015	0.4504791328126079
0.4573299141077418	0.5426700858922677
0.5495208671874015	0.4504791328126079
0.5495208671874015	0.4504791328126079
0.5495208671874015	0.4504791328126079
0.5495208671874015	0.4504791328126079
0.5495208671874015	0.4504791328126079
0.5495208671874015	0.4504791328126079
0.5495208671874015	0.4504791328126079
0.5495208671874015	0.4504791328126079
0.5495208671874015	0.4504791328126079
0.5495208671874015	0.4504791328126079
0.5495208671874015	0.4504791328126079
0.5495208671874015	0.4504791328126079
0.5495208671874015	0.4504791328126079
0.5495208671874015	0.4504791328126079
0.5495208671874015	0.4504791328126079
0.5495208671874015	0.4504791328126079
0.5495208671874015	0.4504791328126079
0.5495208671874015	0.4504791328126079
0.5495208671874015	0.4504791328126079
0.5495208671874015	0.4504791328126079
0.5495208671874015	0.4504791328126079
0.5495208671874015	0.4504791328126079
0.5495208671874015	0.4504791328126079
0.5495208671874015	0.4504791328126079
0.5495208671874015	0.4504791328126079
0.46117032994803336	0.5388296700519747
0.5495208671874015	0.4504791328126079
0.5495208671874015	0.4504791328126079
0.5495208671874015	0.4504791328126079
0.4671288587657999	0.5328711412342095
0.5495208671874015	0.4504791328126079
0.5495208671874015	0.4504791328126079
0.5495208671874015	0.4504791328126079
0.5495208671874015	0.4504791328126079
0.5495208671874015	0.4504791328126079
0.5495208671874015	0.4504791328126079
0.5495208671874015	0.4504791328126079
0.5495208671874015	0.4504791328126079
0.4508760995284512	0.5491239004715578
0.5495208671874015	0.4504791328126079
0.5495208671874015	0.4504791328126079
0.5495208671874015	0.4504791328126079
0.5495208671874015	0.4504791328126079
0.4540282988007409	0.5459717011992683
0.5495208671874015	0.4504791328126079
0.5495208671874015	0.4504791328126079
0.5495208671874015	0.4504791328126079
0.5495208671874015	0.4504791328126079
0.5495208671874015	0.4504791328126079
0.5495208671874015	0.4504791328126079
0.5495208671874015	0.4504791328126079
0.5495208671874015	0.4504791328126079
0.5495208671874015	0.4504791328126079
0.4508760995284512	0.5491239004715578
0.5495208671874015	0.4504791328126079
0.5495208671874015	0.4504791328126079
0.5495208671874015	0.4504791328126079
0.5495208671874015	0.4504791328126079
0.5495208671874015	0.4504791328126079
0.5495208671874015	0.4504791328126079
0.45269344330171235	0.547306556698296
0.5495208671874015	0.4504791328126079
0.5495208671874015	0.4504791328126079
0.5495208671874015	0.4504791328126079
0.5495208671874015	0.4504791328126079
0.5495208671874015	0.4504791328126079
0.5495208671874015	0.4504791328126079
0.5495208671874015	0.4504791328126079
0.5495208671874015	0.4504791328126079
0.5495208671874015	0.4504791328126079
0.5495208671874015	0.4504791328126079
0.5495208671874015	0.4504791328126079
0.5495208671874015	0.4504791328126079
0.5495208671874015	0.4504791328126079
0.5495208671874015	0.4504791328126079
0.5495208671874015	0.4504791328126079
0.5495208671874015	0.4504791328126079
0.5495208671874015	0.4504791328126079
0.5495208671874015	0.4504791328126079
0.5495208671874015	0.4504791328126079
0.5495208671874015	0.4504791328126079
0.5495208671874015	0.4504791328126079
0.5495208671874015	0.4504791328126079
0.5495208671874015	0.4504791328126079
0.5495208671874015	0.4504791328126079
0.5495208671874015	0.4504791328126079
0.5495208671874015	0.4504791328126079
0.5495208671874015	0.4504791328126079
0.45558878881424036	0.5444112111857689
0.5495208671874015	0.4504791328126079
0.5495208671874015	0.4504791328126079
0.5495208671874015	0.4504791328126079
0.5495208671874015	0.4504791328126079
0.5495208671874015	0.4504791328126079
0.5495208671874015	0.4504791328126079
0.5495208671874015	0.4504791328126079
0.5495208671874015	0.4504791328126079
0.5495208671874015	0.4504791328126079
0.5495208671874015	0.4504791328126079
0.5495208671874015	0.4504791328126079
0.5495208671874015	0.4504791328126079
0.5495208671874015	0.4504791328126079
0.5495208671874015	0.4504791328126079
0.5495208671874015	0.4504791328126079
0.5495208671874015	0.4504791328126079
0.5495208671874015	0.4504791328126079
0.5495208671874015	0.4504791328126079
0.5495208671874015	0.4504791328126079
0.5495208671874015	0.4504791328126079
0.5495208671874015	0.4504791328126079
0.5495208671874015	0.4504791328126079
0.5495208671874015	0.4504791328126079
0.5495208671874015	0.4504791328126079
0.5495208671874015	0.4504791328126079
0.5495208671874015	0.4504791328126079
0.5476416638391309	0.4523583361608776
0.5495208671874015	0.4504791328126079
0.4508760995284512	0.5491239004715578
0.5495208671874015	0.4504791328126079
0.5495208671874015	0.4504791328126079
0.5495208671874015	0.4504791328126079
0.5495208671874015	0.4504791328126079
0.5495208671874015	0.4504791328126079
0.5495208671874015	0.4504791328126079
0.5495208671874015	0.4504791328126079
0.5495208671874015	0.4504791328126079
0.5495208671874015	0.4504791328126079
0.5495208671874015	0.4504791328126079
0.5495208671874015	0.4504791328126079
0.5495208671874015	0.4504791328126079
0.5495208671874015	0.4504791328126079
0.5495208671874015	0.4504791328126079
0.5495208671874015	0.4504791328126079
0.5495208671874015	0.4504791328126079
0.5495208671874015	0.4504791328126079
0.5495208671874015	0.4504791328126079
0.5495208671874015	0.4504791328126079
0.5495208671874015	0.4504791328126079
0.5495208671874015	0.4504791328126079
0.5495208671874015	0.4504791328126079
0.5495208671874015	0.4504791328126079
0.5495208671874015	0.4504791328126079
0.5495208671874015	0.4504791328126079
0.5495208671874015	0.4504791328126079
0.45269344330171235	0.547306556698296
0.5495208671874015	0.4504791328126079
0.5495208671874015	0.4504791328126079
0.5495208671874015	0.4504791328126079
0.5495208671874015	0.4504791328126079
0.5495208671874015	0.4504791328126079
0.5495208671874015	0.4504791328126079
0.5495208671874015	0.4504791328126079
0.5495208671874015	0.4504791328126079
0.5495208671874015	0.4504791328126079
0.4671288587657999	0.5328711412342095
0.5495208671874015	0.4504791328126079
0.5495208671874015	0.4504791328126079
0.5495208671874015	0.4504791328126079
0.5495208671874015	0.4504791328126079
0.5495208671874015	0.4504791328126079
0.5495208671874015	0.4504791328126079
0.4508760995284512	0.5491239004715578
0.5495208671874015	0.4504791328126079
0.5495208671874015	0.4504791328126079
0.5495208671874015	0.4504791328126079
0.5495208671874015	0.4504791328126079
0.5495208671874015	0.4504791328126079
0.5495208671874015	0.4504791328126079
0.5495208671874015	0.4504791328126079
0.5495208671874015	0.4504791328126079
0.5495208671874015	0.4504791328126079
0.5495208671874015	0.4504791328126079
0.5495208671874015	0.4504791328126079
0.5495208671874015	0.4504791328126079
0.5495208671874015	0.4504791328126079
0.5495208671874015	0.4504791328126079
0.5495208671874015	0.4504791328126079
0.5495208671874015	0.4504791328126079
0.5495208671874015	0.4504791328126079
0.5495208671874015	0.4504791328126079
0.5495208671874015	0.4504791328126079
0.5495208671874015	0.4504791328126079
0.47223697039914714	0.5277630296008619
0.5495208671874015	0.4504791328126079
0.5495208671874015	0.4504791328126079
0.45558878881424036	0.5444112111857689
0.5495208671874015	0.4504791328126079
0.5495208671874015	0.4504791328126079
0.5495208671874015	0.4504791328126079
0.5495208671874015	0.4504791328126079
0.5495208671874015	0.4504791328126079
0.5495208671874015	0.4504791328126079
0.5495208671874015	0.4504791328126079
0.47355639689967877	0.5264436031003302
0.4508760995284512	0.5491239004715578
0.4540282988007409	0.5459717011992683
0.5495208671874015	0.4504791328126079
0.5495208671874015	0.4504791328126079
0.5495208671874015	0.4504791328126079
0.5495208671874015	0.4504791328126079
0.5495208671874015	0.4504791328126079
0.5495208671874015	0.4504791328126079
0.5495208671874015	0.4504791328126079
0.4508760995284512	0.5491239004715578
0.5495208671874015	0.4504791328126079
0.5495208671874015	0.4504791328126079
0.5495208671874015	0.4504791328126079
0.5495208671874015	0.4504791328126079
0.5495208671874015	0.4504791328126079
0.5495208671874015	0.4504791328126079
0.5495208671874015	0.4504791328126079
0.5495208671874015	0.4504791328126079
0.5495208671874015	0.4504791328126079
0.5495208671874015	0.4504791328126079
0.5495208671874015	0.4504791328126079
0.5495208671874015	0.4504791328126079
0.5495208671874015	0.4504791328126079
0.5495208671874015	0.4504791328126079
0.5495208671874015	0.4504791328126079
0.5495208671874015	0.4504791328126079
0.5495208671874015	0.4504791328126079
0.45047913281261165	0.5495208671873973
0.5495208671874015	0.4504791328126079
0.5495208671874015	0.4504791328126079
0.5495208671874015	0.4504791328126079
0.5495208671874015	0.4504791328126079
0.5495208671874015	0.4504791328126079
0.5495208671874015	0.4504791328126079
0.5495208671874015	0.4504791328126079
0.45558878881424036	0.5444112111857689
0.5495208671874015	0.4504791328126079
0.5495208671874015	0.4504791328126079
0.5495208671874015	0.4504791328126079
