0.4854391320104796	0.5145608679895305
0.4854391320104796	0.5145608679895305
0.5150014233533271	0.484998576646683
0.5150014233533271	0.484998576646683
0.5150014233533271	0.484998576646683
0.5150014233533271	0.484998576646683
0.5150014233533271	0.484998576646683
0.5150014233533271	0.484998576646683
0.5150014233533271	0.484998576646683
0.5150014233533271	0.484998576646683
0.5150014233533271	0.484998576646683
0.5150014233533271	0.484998576646683
0.48627494263454474	0.5137250573654649
0.5150014233533271	0.484998576646683
0.5150014233533271	0.484998576646683
0.5150014233533271	0.484998576646683
0.5150014233533271	0.484998576646683
0.5150014233533271	0.484998576646683
0.5150014233533271	0.484998576646683
0.5150014233533271	0.484998576646683
0.5150014233533271	0.484998576646683
0.5150014233533271	0.484998576646683
0.5150014233533271	0.484998576646683
0.5124909394231563	0.4875090605768546
0.4906932302440178	0.5093067697559914
0.5150014233533271	0.484998576646683
0.5150014233533271	0.484998576646683
0.5017388873874854	0.4982611126125252
0.4854391320104796	0.5145608679895305
0.4947846363322169	0.505215363667793
0.49265420190314946	0.5073457980968594
0.5150014233533271	0.484998576646683
0.5150014233533271	0.484998576646683
0.5150014233533271	0.484998576646683
0.5150014233533271	0.484998576646683
0.5150014233533271	0.484998576646683
0.49265420190314946	0.5073457980968594
0.5150014233533271	0.484998576646683
0.5150014233533271	0.484998576646683
0.5150014233533271	0.484998576646683
0.5150014233533271	0.484998576646683
0.5150014233533271	0.484998576646683
0.5150014233533271	0.484998576646683
0.4874590222112529	0.5125409777887568
0.5150014233533271	0.484998576646683
0.5150014233533271	0.484998576646683
0.5150014233533271	0.484998576646683
0.49265420190314946	0.5073457980968594
0.5085816837315604	0.4914183162684492
0.5150014233533271	0.484998576646683
0.5150014233533271	0.484998576646683
0.5150014233533271	0.484998576646683
0.5150014233533271	0.484998576646683
0.5150014233533271	0.484998576646683
0.5150014233533271	0.484998576646683
0.5150014233533271	0.484998576646683
0.5150014233533271	0.484998576646683
0.5150014233533271	0.484998576646683
0.48894662775565245	0.511053372244357
0.5150014233533271	0.484998576646683
0.5150014233533271	0.484998576646683
0.5150014233533271	0.484998576646683
0.5150014233533271	0.484998576646683
0.48894662775565245	0.511053372244357
0.5150014233533271	0.484998576646683
0.5150014233533271	0.484998576646683
0.5150014233533271	0.484998576646683
0.5150014233533271	0.484998576646683
0.5150014233533271	0.484998576646683
0.48894662775565245	0.511053372244357
0.5150014233533271	0.484998576646683
0.5150014233533271	0.484998576646683
0.5150014233533271	0.484998576646683
0.5150014233533271	0.484998576646683
0.5150014233533271	0.484998576646683
0.4947846363322169	0.505215363667793
0.5141266330594029	0.4858733669406063
0.5150014233533271	0.484998576646683
0.5150014233533271	0.484998576646683
0.5150014233533271	0.484998576646683
0.5150014233533271	0.484998576646683
0.5150014233533271	0.484998576646683
0.5150014233533271	0.484998576646683
0.5150014233533271	0.484998576646683
0.4849985766466818	0.5150014233533279
0.5150014233533271	0.484998576646683
0.5085816837315604	0.4914183162684492
0.5150014233533271	0.484998576646683
0.5150014233533271	0.484998576646683
0.5150014233533271	0.484998576646683
0.5150014233533271	0.484998576646683
0.5150014233533271	0.484998576646683
0.5150014233533271	0.484998576646683
0.5150014233533271	0.484998576646683
0.49265420190314946	0.5073457980968594
0.5150014233533271	0.484998576646683
0.5150014233533271	0.484998576646683
0.5150014233533271	0.484998576646683
0.5150014233533271	0.484998576646683
0.5150014233533271	0.484998576646683
0.5150014233533271	0.484998576646683
0.5150014233533271	0.484998576646683
0.5150014233533271	0.484998576646683
0.5150014233533271	0.484998576646683
0.5150014233533271	0.484998576646683
0.5008129050887474	0.49918709491126306
0.5150014233533271	0.484998576646683
0.4874590222112529	0.5125409777887568
0.5150014233533271	0.484998576646683
0.5150014233533271	0.484998576646683
0.5150014233533271	0.484998576646683
0.5150014233533271	0.484998576646683
0.5150014233533271	0.484998576646683
0.4874590222112529	0.5125409777887568
0.5150014233533271	0.484998576646683
0.5150014233533271	0.484998576646683
0.5150014233533271	0.484998576646683
0.5150014233533271	0.484998576646683
0.5150014233533271	0.484998576646683
0.5150014233533271	0.484998576646683
0.4874590222112529	0.5125409777887568
0.5150014233533271	0.484998576646683
0.5150014233533271	0.484998576646683
0.5150014233533271	0.484998576646683
0.5150014233533271	0.484998576646683
0.5150014233533271	0.484998576646683
0.5150014233533271	0.484998576646683
0.5150014233533271	0.484998576646683
0.5150014233533271	0.484998576646683
0.5150014233533271	0.484998576646683
0.5141362648581027	0.4858637351419067
0.5150014233533271	0.484998576646683
0.5150014233533271	0.484998576646683
0.5150014233533271	0.484998576646683
0.5150014233533271	0.484998576646683
0.5150014233533271	0.484998576646683
0.5150014233533271	0.484998576646683
0.4906932302440178	0.5093067697559914
0.5150014233533271	0.484998576646683
0.5150014233533271	0.484998576646683
0.4854391320104796	0.5145608679895305
0.5133333398214885	0.48666666017852134
0.5150014233533271	0.484998576646683
0.5150014233533271	0.484998576646683
0.5150014233533271	0.484998576646683
0.5063882506865691	0.4936117493134413
0.5150014233533271	0.484998576646683
0.5150014233533271	0.484998576646683
0.48894662775565245	0.511053372244357
0.5150014233533271	0.484998576646683
0.5150014233533271	0.484998576646683
0.5106296774654163	0.4893703225345939
0.5150014233533271	0.484998576646683
0.5150014233533271	0.484998576646683
0.5150014233533271	0.484998576646683
0.5150014233533271	0.484998576646683
0.5150014233533271	0.484998576646683
0.4874590222112529	0.5125409777887568
0.5150014233533271	0.484998576646683
0.48627494263454474	0.5137250573654649
0.5150014233533271	0.484998576646683
0.5150014233533271	0.484998576646683
0.48627494263454474	0.5137250573654649
0.5150014233533271	0.484998576646683
0.5150014233533271	0.484998576646683
0.5150014233533271	0.484998576646683
0.5017388873874854	0.4982611126125252
0.5150014233533271	0.484998576646683
0.5150014233533271	0.484998576646683
0.4854391320104796	0.5145608679895305
0.5150014233533271	0.484998576646683
0.4854391320104796	0.5145608679895305
0.5150014233533271	0.484998576646683
0.4854391320104796	0.5145608679895305
0.5150014233533271	0.484998576646683
0.4849985766466818	0.5150014233533279
0.5150014233533271	0.484998576646683
0.5150014233533271	0.484998576646683
0.5150014233533271	0.484998576646683
0.5150014233533271	0.484998576646683
0.5150014233533271	0.484998576646683
0.5150014233533271	0.484998576646683
0.5150014233533271	0.484998576646683
0.5150014233533271	0.484998576646683
0.5150014233533271	0.484998576646683
0.5150014233533271	0.484998576646683
0.5150014233533271	0.484998576646683
0.5150014233533271	0.484998576646683
0.5106296774654163	0.4893703225345939
0.5150014233533271	0.484998576646683
0.5150014233533271	0.484998576646683
0.4849985766466818	0.5150014233533279
0.5150014233533271	0.484998576646683
0.5150014233533271	0.484998576646683
0.5150014233533271	0.484998576646683
0.5150014233533271	0.484998576646683
0.5150014233533271	0.484998576646683
0.4906932302440178	0.5093067697559914
0.5150014233533271	0.484998576646683
0.5150014233533271	0.484998576646683
0.4947846363322169	0.505215363667793
0.5150014233533271	0.484998576646683
0.5150014233533271	0.484998576646683
0.4970392856325644	0.5029607143674452
0.5150014233533271	0.484998576646683
0.5150014233533271	0.484998576646683
0.5150014233533271	0.484998576646683
0.4849985766466818	0.5150014233533279
0.5150014233533271	0.484998576646683
0.5150014233533271	0.484998576646683
0.5150014233533271	0.484998576646683
0.5150014233533271	0.484998576646683
0.5150014233533271	0.484998576646683
0.5150014233533271	0.484998576646683
0.4849985766466818	0.5150014233533279
0.5150014233533271	0.484998576646683
0.5150014233533271	0.484998576646683
0.5150014233533271	0.484998576646683
0.5150014233533271	0.484998576646683
0.5150014233533271	0.484998576646683
0.5150014233533271	0.484998576646683
0.4970392856325644	0.5029607143674452
0.5063882506865691	0.4936117493134413
0.5150014233533271	0.484998576646683
0.5150014233533271	0.484998576646683
0.5150014233533271	0.484998576646683
0.48627494263454474	0.5137250573654649
0.49265420190314946	0.5073457980968594
0.48894662775565245	0.511053372244357
0.5150014233533271	0.484998576646683
0.5150014233533271	0.484998576646683
0.5150014233533271	0.484998576646683
0.5150014233533271	0.484998576646683
0.5150014233533271	0.484998576646683
0.5150014233533271	0.484998576646683
0.5150014233533271	0.484998576646683
0.5150014233533271	0.484998576646683
0.4906932302440178	0.5093067697559914
0.5150014233533271	0.484998576646683
0.4854391320104796	0.5145608679895305
0.5150014233533271	0.484998576646683
0.5150014233533271	0.484998576646683
0.5150014233533271	0.484998576646683
0.5150014233533271	0.484998576646683
0.5150014233533271	0.484998576646683
0.5150014233533271	0.484998576646683
0.5150014233533271	0.484998576646683
0.4874590222112529	0.5125409777887568
0.4854391320104796	0.5145608679895305
0.5150014233533271	0.484998576646683
0.5150014233533271	0.484998576646683
0.49265420190314946	0.5073457980968594
0.5150014233533271	0.484998576646683
0.5150014233533271	0.484998576646683
0.5150014233533271	0.484998576646683
0.4849985766466818	0.5150014233533279
0.5150014233533271	0.484998576646683
0.4906932302440178	0.5093067697559914
0.5106296774654163	0.4893703225345939
0.5150014233533271	0.484998576646683
0.5150014233533271	0.484998576646683
0.5150014233533271	0.484998576646683
0.5150014233533271	0.484998576646683
0.5150014233533271	0.484998576646683
0.5150014233533271	0.484998576646683
0.5150014233533271	0.484998576646683
0.5150014233533271	0.484998576646683
0.5150014233533271	0.484998576646683
0.5150014233533271	0.484998576646683
0.5085816837315604	0.4914183162684492
0.5150014233533271	0.484998576646683
0.5150014233533271	0.484998576646683
0.5150014233533271	0.484998576646683
0.5150014233533271	0.484998576646683
0.5150014233533271	0.484998576646683
0.5157888174064106	0.4842111825935987
0.5150014233533271	0.484998576646683
0.4947846363322169	0.505215363667793
0.5150014233533271	0.484998576646683
0.5150014233533271	0.484998576646683
0.5150014233533271	0.484998576646683
0.5115405865119306	0.4884594134880789
0.5150014233533271	0.484998576646683
0.5150014233533271	0.484998576646683
0.5150014233533271	0.484998576646683
0.5150014233533271	0.484998576646683
0.4849985766466818	0.5150014233533279
0.5150014233533271	0.484998576646683
0.5150014233533271	0.484998576646683
0.5150014233533271	0.484998576646683
0.5150014233533271	0.484998576646683
0.5150014233533271	0.484998576646683
0.5150014233533271	0.484998576646683
0.5150014233533271	0.484998576646683
0.5150014233533271	0.484998576646683
0.5150014233533271	0.484998576646683
0.5150014233533271	0.484998576646683
0.5150014233533271	0.484998576646683
0.5150014233533271	0.484998576646683
0.5150014233533271	0.484998576646683
0.48627494263454474	0.5137250573654649
0.5150014233533271	0.484998576646683
0.5150014233533271	0.484998576646683
0.48894662775565245	0.511053372244357
0.5150014233533271	0.484998576646683
0.5150014233533271	0.484998576646683
0.48627494263454474	0.5137250573654649
0.5150014233533271	0.484998576646683
0.5106296774654163	0.4893703225345939
0.5150014233533271	0.484998576646683
0.5150014233533271	0.484998576646683
0.5150014233533271	0.484998576646683
0.5150014233533271	0.484998576646683
0.5150014233533271	0.484998576646683
0.5017388873874854	0.4982611126125252
0.5150014233533271	0.484998576646683
0.5150014233533271	0.484998576646683
0.5150014233533271	0.484998576646683
0.5150014233533271	0.484998576646683
0.5150014233533271	0.484998576646683
0.5150014233533271	0.484998576646683
0.5150014233533271	0.484998576646683
0.5150014233533271	0.484998576646683
0.5150014233533271	0.484998576646683
0.5150014233533271	0.484998576646683
0.4849985766466818	0.5150014233533279
0.5124909394231563	0.4875090605768546
0.5150014233533271	0.484998576646683
0.5150014233533271	0.484998576646683
0.5150014233533271	0.484998576646683
0.5150014233533271	0.484998576646683
0.5129508950704486	0.4870491049295606
0.5150014233533271	0.484998576646683
0.5063882506865691	0.4936117493134413
0.5150014233533271	0.484998576646683
0.5150014233533271	0.484998576646683
0.5150014233533271	0.484998576646683
0.5150014233533271	0.484998576646683
0.5017388873874854	0.4982611126125252
0.5150014233533271	0.484998576646683
0.5150014233533271	0.484998576646683
0.5150014233533271	0.484998576646683
0.5150014233533271	0.484998576646683
0.5150014233533271	0.484998576646683
0.5150014233533271	0.484998576646683
0.5150014233533271	0.484998576646683
0.5150014233533271	0.484998576646683
0.5085816837315604	0.4914183162684492
0.5150014233533271	0.484998576646683
0.5150014233533271	0.484998576646683
0.5150014233533271	0.484998576646683
0.5150014233533271	0.484998576646683
0.5150014233533271	0.484998576646683
0.5150014233533271	0.484998576646683
0.48894662775565245	0.511053372244357
0.5106296774654163	0.4893703225345939
0.5150014233533271	0.484998576646683
0.4849985766466818	0.5150014233533279
0.5150014233533271	0.484998576646683
0.5150014233533271	0.484998576646683
0.4993726036133824	0.5006273963866281
0.5040925116304124	0.4959074883695962
0.5150014233533271	0.484998576646683
0.5150014233533271	0.484998576646683
0.5150014233533271	0.484998576646683
0.5150014233533271	0.484998576646683
0.5150014233533271	0.484998576646683
0.5150014233533271	0.484998576646683
0.5150014233533271	0.484998576646683
0.5150014233533271	0.484998576646683
0.5150014233533271	0.484998576646683
0.5150014233533271	0.484998576646683
0.5150014233533271	0.484998576646683
0.5150014233533271	0.484998576646683
0.48627494263454474	0.5137250573654649
0.5150014233533271	0.484998576646683
0.5150014233533271	0.484998576646683
0.5150014233533271	0.484998576646683
0.5150014233533271	0.484998576646683
0.4854391320104796	0.5145608679895305
0.5150014233533271	0.484998576646683
0.5150014233533271	0.484998576646683
0.5150014233533271	0.484998576646683
0.5150014233533271	0.484998576646683
0.5150014233533271	0.484998576646683
0.5150014233533271	0.484998576646683
0.4947846363322169	0.505215363667793
0.5150014233533271	0.484998576646683
0.5150014233533271	0.484998576646683
0.5150014233533271	0.484998576646683
0.5150014233533271	0.484998576646683
0.5150014233533271	0.484998576646683
0.5150014233533271	0.484998576646683
0.5150014233533271	0.484998576646683
0.5150014233533271	0.484998576646683
0.5150014233533271	0.484998576646683
0.5150014233533271	0.484998576646683
0.5150014233533271	0.484998576646683
0.5040925116304124	0.4959074883695962
0.5150014233533271	0.484998576646683
0.5150014233533271	0.484998576646683
0.5150014233533271	0.484998576646683
0.5150014233533271	0.484998576646683
0.5017388873874854	0.4982611126125252
0.5150014233533271	0.484998576646683
0.5150014233533271	0.484998576646683
0.4854391320104796	0.5145608679895305
0.4854391320104796	0.5145608679895305
0.5150014233533271	0.484998576646683
0.5150014233533271	0.484998576646683
0.5150014233533271	0.484998576646683
0.5150014233533271	0.484998576646683
0.5150014233533271	0.484998576646683
0.5150014233533271	0.484998576646683
0.5150014233533271	0.484998576646683
0.5150014233533271	0.484998576646683
0.5150014233533271	0.484998576646683
0.5150014233533271	0.484998576646683
0.4993726036133824	0.5006273963866281
0.5124909394231563	0.4875090605768546
0.5150014233533271	0.484998576646683
0.5150014233533271	0.484998576646683
0.5150014233533271	0.484998576646683
0.5175118528745868	0.4824881471254212
0.5150014233533271	0.484998576646683
0.5150014233533271	0.484998576646683
0.5150014233533271	0.484998576646683
0.5150014233533271	0.484998576646683
0.4854391320104796	0.5145608679895305
0.5150014233533271	0.484998576646683
0.5150014233533271	0.484998576646683
0.5150014233533271	0.484998576646683
0.5150014233533271	0.484998576646683
0.5150014233533271	0.484998576646683
0.5150014233533271	0.484998576646683
0.5150014233533271	0.484998576646683
0.4993726036133824	0.5006273963866281
0.5173429976870707	0.48265700231294106
0.48627494263454474	0.5137250573654649
0.5150014233533271	0.484998576646683
0.5150014233533271	0.484998576646683
0.5150014233533271	0.484998576646683
0.5150014233533271	0.484998576646683
0.5150014233533271	0.484998576646683
0.5150014233533271	0.484998576646683
0.5150014233533271	0.484998576646683
0.5150014233533271	0.484998576646683
0.5150014233533271	0.484998576646683
0.5150014233533271	0.484998576646683
0.5150014233533271	0.484998576646683
0.5150014233533271	0.484998576646683
0.5150014233533271	0.484998576646683
0.5150014233533271	0.484998576646683
0.5150014233533271	0.484998576646683
0.5150014233533271	0.484998576646683
0.5150014233533271	0.484998576646683
0.5069274791644085	0.4930725208356017
0.4849985766466818	0.5150014233533279
0.5150014233533271	0.484998576646683
0.5150014233533271	0.484998576646683
0.5150014233533271	0.484998576646683
0.5150014233533271	0.484998576646683
0.5085816837315604	0.4914183162684492
0.4906932302440178	0.5093067697559914
0.4901982141814289	0.5098017858185814
0.5150014233533271	0.484998576646683
0.5157888174064106	0.4842111825935987
0.5150014233533271	0.484998576646683
0.5150014233533271	0.484998576646683
0.5150014233533271	0.484998576646683
0.5150014233533271	0.484998576646683
0.4970392856325644	0.5029607143674452
0.5150014233533271	0.484998576646683
0.5150014233533271	0.484998576646683
0.5150014233533271	0.484998576646683
0.5150014233533271	0.484998576646683
0.5150014233533271	0.484998576646683
0.5150014233533271	0.484998576646683
0.5150014233533271	0.484998576646683
0.5150014233533271	0.484998576646683
0.5150014233533271	0.484998576646683
0.5150014233533271	0.484998576646683
0.5150014233533271	0.484998576646683
0.5150014233533271	0.484998576646683
0.5150014233533271	0.484998576646683
0.5150014233533271	0.484998576646683
0.5074350446353394	0.49256495536466954
0.5150014233533271	0.484998576646683
0.5150014233533271	0.484998576646683
0.5085816837315604	0.4914183162684492
0.5150014233533271	0.484998576646683
0.5150014233533271	0.484998576646683
0.5150014233533271	0.484998576646683
0.5150014233533271	0.484998576646683
0.5150014233533271	0.484998576646683
0.4854391320104796	0.5145608679895305
0.5150014233533271	0.484998576646683
0.5150014233533271	0.484998576646683
0.5150014233533271	0.484998576646683
0.5150014233533271	0.484998576646683
0.5150014233533271	0.484998576646683
0.5150014233533271	0.484998576646683
0.5150014233533271	0.484998576646683
0.5150014233533271	0.484998576646683
0.5150014233533271	0.484998576646683
0.5150014233533271	0.484998576646683
0.5150014233533271	0.484998576646683
0.5150014233533271	0.484998576646683
0.5150014233533271	0.484998576646683
0.5150014233533271	0.484998576646683
0.5150014233533271	0.484998576646683
0.5150014233533271	0.484998576646683
0.5150014233533271	0.484998576646683
0.5150014233533271	0.484998576646683
0.5150014233533271	0.484998576646683
0.48627494263454474	0.5137250573654649
0.4874590222112529	0.5125409777887568
0.5150014233533271	0.484998576646683
0.5150014233533271	0.484998576646683
0.5150014233533271	0.484998576646683
0.5150014233533271	0.484998576646683
0.5150014233533271	0.484998576646683
0.5150014233533271	0.484998576646683
0.5150014233533271	0.484998576646683
0.5150014233533271	0.484998576646683
0.5150014233533271	0.484998576646683
0.5150014233533271	0.484998576646683
0.5150014233533271	0.484998576646683
0.5150014233533271	0.484998576646683
0.5150014233533271	0.484998576646683
0.4854391320104796	0.5145608679895305
0.5150014233533271	0.484998576646683
0.5150014233533271	0.484998576646683
0.5150014233533271	0.484998576646683
0.5150014233533271	0.484998576646683
0.5150014233533271	0.484998576646683
0.5150014233533271	0.484998576646683
0.5150014233533271	0.484998576646683
0.5150014233533271	0.484998576646683
0.5150014233533271	0.484998576646683
0.5150014233533271	0.484998576646683
0.5150014233533271	0.484998576646683
0.5150014233533271	0.484998576646683
0.5150014233533271	0.484998576646683
0.5150014233533271	0.484998576646683
0.5150014233533271	0.484998576646683
0.5150014233533271	0.484998576646683
0.5150014233533271	0.484998576646683
0.5150014233533271	0.484998576646683
0.5150014233533271	0.484998576646683
0.5150014233533271	0.484998576646683
0.5150014233533271	0.484998576646683
0.5150014233533271	0.484998576646683
0.5150014233533271	0.484998576646683
0.5150014233533271	0.484998576646683
0.5150014233533271	0.484998576646683
0.5150014233533271	0.484998576646683
0.5150014233533271	0.484998576646683
0.5150014233533271	0.484998576646683
0.5150014233533271	0.484998576646683
0.5150014233533271	0.484998576646683
0.5150014233533271	0.484998576646683
0.5150014233533271	0.484998576646683
0.4849985766466818	0.5150014233533279
0.5150014233533271	0.484998576646683
0.5150014233533271	0.484998576646683
0.5150014233533271	0.484998576646683
0.5017388873874854	0.4982611126125252
0.5150014233533271	0.484998576646683
0.5150014233533271	0.484998576646683
0.5150014233533271	0.484998576646683
0.5150014233533271	0.484998576646683
0.5150014233533271	0.484998576646683
0.5150014233533271	0.484998576646683
0.5150014233533271	0.484998576646683
0.4874590222112529	0.5125409777887568
0.5150014233533271	0.484998576646683
0.5150014233533271	0.484998576646683
0.5150014233533271	0.484998576646683
0.5177611246812128	0.4822388753187981
0.5150014233533271	0.484998576646683
0.5150014233533271	0.484998576646683
0.5150014233533271	0.484998576646683
0.5150014233533271	0.484998576646683
0.5017388873874854	0.4982611126125252
0.5150014233533271	0.484998576646683
0.5150014233533271	0.484998576646683
0.5150014233533271	0.484998576646683
0.5150014233533271	0.484998576646683
0.4874590222112529	0.5125409777887568
0.49265420190314946	0.5073457980968594
0.5150014233533271	0.484998576646683
0.5150014233533271	0.484998576646683
0.5150014233533271	0.484998576646683
0.5150014233533271	0.484998576646683
0.5150014233533271	0.484998576646683
0.5150014233533271	0.484998576646683
0.5150014233533271	0.484998576646683
0.5150014233533271	0.484998576646683
0.5150014233533271	0.484998576646683
0.5150014233533271	0.484998576646683
0.4854391320104796	0.5145608679895305
0.5150014233533271	0.484998576646683
0.5150014233533271	0.484998576646683
0.5150014233533271	0.484998576646683
0.5150014233533271	0.484998576646683
0.5150014233533271	0.484998576646683
0.5150014233533271	0.484998576646683
0.5150014233533271	0.484998576646683
0.5150014233533271	0.484998576646683
0.5150014233533271	0.484998576646683
0.5150014233533271	0.484998576646683
0.5150014233533271	0.484998576646683
0.5150014233533271	0.484998576646683
0.5150014233533271	0.484998576646683
0.4906932302440178	0.5093067697559914
0.5150014233533271	0.484998576646683
0.48894662775565245	0.511053372244357
0.4970392856325644	0.5029607143674452
0.5150014233533271	0.484998576646683
0.5150014233533271	0.484998576646683
0.4970392856325644	0.5029607143674452
0.5150014233533271	0.484998576646683
0.5150014233533271	0.484998576646683
0.5150014233533271	0.484998576646683
0.5150014233533271	0.484998576646683
0.5150014233533271	0.484998576646683
0.5150014233533271	0.484998576646683
0.5150014233533271	0.484998576646683
0.5150014233533271	0.484998576646683
0.5150014233533271	0.484998576646683
0.5150014233533271	0.484998576646683
0.5150014233533271	0.484998576646683
0.5150014233533271	0.484998576646683
0.5150014233533271	0.484998576646683
0.4874590222112529	0.5125409777887568
0.5150014233533271	0.484998576646683
0.5150014233533271	0.484998576646683
0.5150014233533271	0.484998576646683
0.5150014233533271	0.484998576646683
0.5150014233533271	0.484998576646683
0.5155010434217691	0.48449895657824094
0.5150014233533271	0.484998576646683
0.5150014233533271	0.484998576646683
0.5150014233533271	0.484998576646683
0.5150014233533271	0.484998576646683
0.5150014233533271	0.484998576646683
0.5150014233533271	0.484998576646683
0.5150014233533271	0.484998576646683
0.5150014233533271	0.484998576646683
0.4854391320104796	0.5145608679895305
0.5150014233533271	0.484998576646683
0.5150014233533271	0.484998576646683
0.5150014233533271	0.484998576646683
0.5106296774654163	0.4893703225345939
0.5150014233533271	0.484998576646683
0.5150014233533271	0.484998576646683
0.4849985766466818	0.5150014233533279
0.5150014233533271	0.484998576646683
0.5150014233533271	0.484998576646683
0.5150014233533271	0.484998576646683
0.4906932302440178	0.5093067697559914
0.5150014233533271	0.484998576646683
0.5150014233533271	0.484998576646683
0.5150014233533271	0.484998576646683
0.5150014233533271	0.484998576646683
0.5150014233533271	0.484998576646683
0.5141266330594029	0.4858733669406063
0.5150014233533271	0.484998576646683
0.5150014233533271	0.484998576646683
0.5150014233533271	0.484998576646683
0.5150014233533271	0.484998576646683
0.5150014233533271	0.484998576646683
0.5150014233533271	0.484998576646683
0.5150014233533271	0.484998576646683
0.5150014233533271	0.484998576646683
0.5150014233533271	0.484998576646683
0.5143936517892338	0.48560634821077814
0.4854391320104796	0.5145608679895305
0.5150014233533271	0.484998576646683
0.5106296774654163	0.4893703225345939
0.5150014233533271	0.484998576646683
0.48894662775565245	0.511053372244357
0.5150014233533271	0.484998576646683
0.5150014233533271	0.484998576646683
0.5150014233533271	0.484998576646683
0.4854391320104796	0.5145608679895305
0.5150014233533271	0.484998576646683
0.5150014233533271	0.484998576646683
0.5150014233533271	0.484998576646683
0.4874590222112529	0.5125409777887568
0.4874590222112529	0.5125409777887568
0.5150014233533271	0.484998576646683
0.5150014233533271	0.484998576646683
0.5150014233533271	0.484998576646683
0.5150014233533271	0.484998576646683
0.5150014233533271	0.484998576646683
0.5150014233533271	0.484998576646683
0.4854391320104796	0.5145608679895305
0.5017388873874854	0.4982611126125252
0.5150014233533271	0.484998576646683
0.5150014233533271	0.484998576646683
0.5150014233533271	0.484998576646683
0.5150014233533271	0.484998576646683
0.5155010434217691	0.48449895657824094
0.5150014233533271	0.484998576646683
0.5150014233533271	0.484998576646683
0.5093067697559926	0.4906932302440169
0.5150014233533271	0.484998576646683
0.5150014233533271	0.484998576646683
0.5150014233533271	0.484998576646683
0.5150014233533271	0.484998576646683
0.5150014233533271	0.484998576646683
0.5150014233533271	0.484998576646683
0.5150014233533271	0.484998576646683
0.5150014233533271	0.484998576646683
0.5150014233533271	0.484998576646683
0.5150014233533271	0.484998576646683
0.5150014233533271	0.484998576646683
0.5150014233533271	0.484998576646683
0.5150014233533271	0.484998576646683
0.5150014233533271	0.484998576646683
0.5150014233533271	0.484998576646683
0.4874590222112529	0.5125409777887568
0.4854391320104796	0.5145608679895305
0.5150014233533271	0.484998576646683
0.5150014233533271	0.484998576646683
0.5150014233533271	0.484998576646683
0.5150014233533271	0.484998576646683
0.5150014233533271	0.484998576646683
0.5150014233533271	0.484998576646683
0.5150014233533271	0.484998576646683
0.5150014233533271	0.484998576646683
0.5150014233533271	0.484998576646683
0.5150014233533271	0.484998576646683
0.5150014233533271	0.484998576646683
0.5150014233533271	0.484998576646683
0.5150014233533271	0.484998576646683
0.5150014233533271	0.484998576646683
0.48627494263454474	0.5137250573654649
0.5150014233533271	0.484998576646683
0.5150014233533271	0.484998576646683
0.5150014233533271	0.484998576646683
0.5150014233533271	0.484998576646683
0.5150014233533271	0.484998576646683
0.48894662775565245	0.511053372244357
0.5150014233533271	0.484998576646683
0.5150014233533271	0.484998576646683
0.5150014233533271	0.484998576646683
0.5150014233533271	0.484998576646683
0.5150014233533271	0.484998576646683
0.5150014233533271	0.484998576646683
0.5150014233533271	0.484998576646683
0.5150014233533271	0.484998576646683
0.5150014233533271	0.484998576646683
0.5150014233533271	0.484998576646683
0.5150014233533271	0.484998576646683
0.5150014233533271	0.484998576646683
0.5150014233533271	0.484998576646683
0.5150014233533271	0.484998576646683
0.5150014233533271	0.484998576646683
0.5150014233533271	0.484998576646683
0.5150014233533271	0.484998576646683
0.5150014233533271	0.484998576646683
0.5150014233533271	0.484998576646683
0.5150014233533271	0.484998576646683
0.5150014233533271	0.484998576646683
0.5150014233533271	0.484998576646683
0.5150014233533271	0.484998576646683
0.5150014233533271	0.484998576646683
0.5150014233533271	0.484998576646683
0.5040925116304124	0.4959074883695962
0.5150014233533271	0.484998576646683
0.5150014233533271	0.484998576646683
0.5150014233533271	0.484998576646683
0.5150014233533271	0.484998576646683
0.5150014233533271	0.484998576646683
0.5150014233533271	0.484998576646683
0.5150014233533271	0.484998576646683
0.4906932302440178	0.5093067697559914
0.5150014233533271	0.484998576646683
0.5150014233533271	0.484998576646683
0.5150014233533271	0.484998576646683
0.5150014233533271	0.484998576646683
0.5150014233533271	0.484998576646683
0.5150014233533271	0.484998576646683
0.5150014233533271	0.484998576646683
0.5150014233533271	0.484998576646683
0.5150014233533271	0.484998576646683
0.4849985766466818	0.5150014233533279
0.5040925116304124	0.4959074883695962
0.5150014233533271	0.484998576646683
0.5150014233533271	0.484998576646683
0.5150014233533271	0.484998576646683
0.5150014233533271	0.484998576646683
0.4874590222112529	0.5125409777887568
0.5150014233533271	0.484998576646683
0.5150014233533271	0.484998576646683
0.5150014233533271	0.484998576646683
0.5150014233533271	0.484998576646683
0.5150014233533271	0.484998576646683
0.5150014233533271	0.484998576646683
0.4854391320104796	0.5145608679895305
0.4993726036133824	0.5006273963866281
0.5063882506865691	0.4936117493134413
0.5150014233533271	0.484998576646683
0.48627494263454474	0.5137250573654649
0.5150014233533271	0.484998576646683
0.5150014233533271	0.484998576646683
0.5150014233533271	0.484998576646683
0.5150014233533271	0.484998576646683
0.5150014233533271	0.484998576646683
0.5150014233533271	0.484998576646683
0.5150014233533271	0.484998576646683
0.5150014233533271	0.484998576646683
0.5150014233533271	0.484998576646683
0.5150014233533271	0.484998576646683
0.5150014233533271	0.484998576646683
0.5150014233533271	0.484998576646683
0.5150014233533271	0.484998576646683
0.5150014233533271	0.484998576646683
0.4993726036133824	0.5006273963866281
0.5150014233533271	0.484998576646683
0.5017388873874854	0.4982611126125252
0.5076312912565965	0.4923687087434128
0.5150014233533271	0.484998576646683
0.48627494263454474	0.5137250573654649
0.5150014233533271	0.484998576646683
0.5150014233533271	0.484998576646683
0.5150014233533271	0.484998576646683
0.5150014233533271	0.484998576646683
0.5150014233533271	0.484998576646683
0.5150014233533271	0.484998576646683
0.48894662775565245	0.511053372244357
0.5150014233533271	0.484998576646683
0.5150014233533271	0.484998576646683
0.5150014233533271	0.484998576646683
0.5150014233533271	0.484998576646683
0.5150014233533271	0.484998576646683
0.5150014233533271	0.484998576646683
0.5150014233533271	0.484998576646683
0.5150014233533271	0.484998576646683
0.5150014233533271	0.484998576646683
0.5150014233533271	0.484998576646683
0.5150014233533271	0.484998576646683
0.5150014233533271	0.484998576646683
0.5150014233533271	0.484998576646683
0.5150014233533271	0.484998576646683
0.4854391320104796	0.5145608679895305
0.5150014233533271	0.484998576646683
0.5150014233533271	0.484998576646683
0.5150014233533271	0.484998576646683
0.4947846363322169	0.505215363667793
0.5150014233533271	0.484998576646683
0.5150014233533271	0.484998576646683
0.5150014233533271	0.484998576646683
0.5150014233533271	0.484998576646683
0.5150014233533271	0.484998576646683
0.5150014233533271	0.484998576646683
0.5106296774654163	0.4893703225345939
0.5150014233533271	0.484998576646683
0.4906932302440178	0.5093067697559914
0.5150014233533271	0.484998576646683
0.5150014233533271	0.484998576646683
0.5150014233533271	0.484998576646683
0.5150014233533271	0.484998576646683
0.5150014233533271	0.484998576646683
0.5150014233533271	0.484998576646683
0.48627494263454474	0.5137250573654649
0.5150014233533271	0.484998576646683
0.5150014233533271	0.484998576646683
0.48894662775565245	0.511053372244357
0.5150014233533271	0.484998576646683
0.5150014233533271	0.484998576646683
0.5150014233533271	0.484998576646683
0.5150014233533271	0.484998576646683
0.4874590222112529	0.5125409777887568
0.5150014233533271	0.484998576646683
0.5150014233533271	0.484998576646683
0.5150014233533271	0.484998576646683
0.5150014233533271	0.484998576646683
0.5150014233533271	0.484998576646683
0.5150014233533271	0.484998576646683
0.5150014233533271	0.484998576646683
0.5150014233533271	0.484998576646683
0.5150014233533271	0.484998576646683
0.5150014233533271	0.484998576646683
0.5150014233533271	0.484998576646683
0.5150014233533271	0.484998576646683
0.5150014233533271	0.484998576646683
0.49265420190314946	0.5073457980968594
0.5150014233533271	0.484998576646683
0.5150014233533271	0.484998576646683
0.4849985766466818	0.5150014233533279
0.5040925116304124	0.4959074883695962
0.48894662775565245	0.511053372244357
0.5150014233533271	0.484998576646683
0.5150014233533271	0.484998576646683
0.5150014233533271	0.484998576646683
0.5150014233533271	0.484998576646683
0.5150014233533271	0.484998576646683
0.5150014233533271	0.484998576646683
0.5150014233533271	0.484998576646683
0.5150014233533271	0.484998576646683
0.5150014233533271	0.484998576646683
0.5150014233533271	0.484998576646683
0.5150014233533271	0.484998576646683
0.4906932302440178	0.5093067697559914
0.5150014233533271	0.484998576646683
0.5150014233533271	0.484998576646683
0.5173429976870707	0.48265700231294106
0.5150014233533271	0.484998576646683
0.5150014233533271	0.484998576646683
0.5150014233533271	0.484998576646683
0.5150014233533271	0.484998576646683
0.5150014233533271	0.484998576646683
0.5150014233533271	0.484998576646683
0.5150014233533271	0.484998576646683
0.5150014233533271	0.484998576646683
0.5150014233533271	0.484998576646683
0.5063882506865691	0.4936117493134413
0.5150014233533271	0.484998576646683
0.48894662775565245	0.511053372244357
0.4849985766466818	0.5150014233533279
0.5150014233533271	0.484998576646683
0.48627494263454474	0.5137250573654649
0.5150014233533271	0.484998576646683
0.5150014233533271	0.484998576646683
0.5150014233533271	0.484998576646683
0.5150014233533271	0.484998576646683
0.5150014233533271	0.484998576646683
0.5150014233533271	0.484998576646683
0.5150014233533271	0.484998576646683
0.5150014233533271	0.484998576646683
0.5150014233533271	0.484998576646683
0.48627494263454474	0.5137250573654649
0.5150014233533271	0.484998576646683
0.5150014233533271	0.484998576646683
0.5150014233533271	0.484998576646683
0.5150014233533271	0.484998576646683
0.5150014233533271	0.484998576646683
0.5150014233533271	0.484998576646683
0.5150014233533271	0.484998576646683
0.5150014233533271	0.484998576646683
0.48894662775565245	0.511053372244357
0.5150014233533271	0.484998576646683
0.5150014233533271	0.484998576646683
0.5017388873874854	0.4982611126125252
0.48627494263454474	0.5137250573654649
0.5150014233533271	0.484998576646683
0.5150014233533271	0.484998576646683
0.5150014233533271	0.484998576646683
0.5150014233533271	0.484998576646683
0.5150014233533271	0.484998576646683
0.5150014233533271	0.484998576646683
0.5150014233533271	0.484998576646683
0.5150014233533271	0.484998576646683
0.5150014233533271	0.484998576646683
0.5150014233533271	0.484998576646683
0.5150014233533271	0.484998576646683
0.4993726036133824	0.5006273963866281
0.5150014233533271	0.484998576646683
0.5150014233533271	0.484998576646683
0.5150014233533271	0.484998576646683
0.5150014233533271	0.484998576646683
0.5150014233533271	0.484998576646683
0.5150014233533271	0.484998576646683
0.48627494263454474	0.5137250573654649
0.5085816837315604	0.4914183162684492
0.4849985766466818	0.5150014233533279
0.5150014233533271	0.484998576646683
0.5150014233533271	0.484998576646683
0.5124909394231563	0.4875090605768546
0.5040925116304124	0.4959074883695962
0.5150014233533271	0.484998576646683
0.5150014233533271	0.484998576646683
0.5150014233533271	0.484998576646683
0.5150014233533271	0.484998576646683
0.5150014233533271	0.484998576646683
0.5150014233533271	0.484998576646683
0.5150014233533271	0.484998576646683
0.5150014233533271	0.484998576646683
0.5150014233533271	0.484998576646683
0.5150014233533271	0.484998576646683
0.5150014233533271	0.484998576646683
0.5150014233533271	0.484998576646683
0.48627494263454474	0.5137250573654649
0.5150014233533271	0.484998576646683
0.5150014233533271	0.484998576646683
0.5150014233533271	0.484998576646683
0.5150014233533271	0.484998576646683
0.5150014233533271	0.484998576646683
0.5150014233533271	0.484998576646683
0.5150014233533271	0.484998576646683
0.5150014233533271	0.484998576646683
0.5040925116304124	0.4959074883695962
0.5150014233533271	0.484998576646683
0.5150014233533271	0.484998576646683
0.5150014233533271	0.484998576646683
0.5150014233533271	0.484998576646683
