0.5861535123897577	0.41384648761025045
0.5861535123897577	0.41384648761025045
0.4138464876102372	0.5861535123897706
0.5861535123897577	0.41384648761025045
0.5861535123897577	0.41384648761025045
0.5861535123897577	0.41384648761025045
0.5861535123897577	0.41384648761025045
0.5861535123897577	0.41384648761025045
0.5861535123897577	0.41384648761025045
0.5861535123897577	0.41384648761025045
0.5861535123897577	0.41384648761025045
0.5861535123897577	0.41384648761025045
0.5861535123897577	0.41384648761025045
0.5861535123897577	0.41384648761025045
0.5861535123897577	0.41384648761025045
0.5861535123897577	0.41384648761025045
0.5861535123897577	0.41384648761025045
0.4200310481837214	0.5799689518162876
0.5861535123897577	0.41384648761025045
0.5861535123897577	0.41384648761025045
0.5861535123897577	0.41384648761025045
0.5861535123897577	0.41384648761025045
0.415878655458694	0.5841213445413143
0.5861535123897577	0.41384648761025045
0.5861535123897577	0.41384648761025045
0.41421347075087955	0.5857865292491287
0.5861535123897577	0.41384648761025045
0.5861535123897577	0.41384648761025045
0.5861535123897577	0.41384648761025045
0.5861535123897577	0.41384648761025045
0.5861535123897577	0.41384648761025045
0.5861535123897577	0.41384648761025045
0.4216691000712187	0.57833089992879
0.5861535123897577	0.41384648761025045
0.5861535123897577	0.41384648761025045
0.5861535123897577	0.41384648761025045
0.5861535123897577	0.41384648761025045
0.43189548335216055	0.5681045166478487
0.5861535123897577	0.41384648761025045
0.5861535123897577	0.41384648761025045
0.5861535123897577	0.41384648761025045
0.5861535123897577	0.41384648761025045
0.5861535123897577	0.41384648761025045
0.5861535123897577	0.41384648761025045
0.5861535123897577	0.41384648761025045
0.5861535123897577	0.41384648761025045
0.5861535123897577	0.41384648761025045
0.5861535123897577	0.41384648761025045
0.5861535123897577	0.41384648761025045
0.5861535123897577	0.41384648761025045
0.5861535123897577	0.41384648761025045
0.5861535123897577	0.41384648761025045
0.5861535123897577	0.41384648761025045
0.5861535123897577	0.41384648761025045
0.5861535123897577	0.41384648761025045
0.5861535123897577	0.41384648761025045
0.5861535123897577	0.41384648761025045
0.5861535123897577	0.41384648761025045
0.5861535123897577	0.41384648761025045
0.5861535123897577	0.41384648761025045
0.415878655458694	0.5841213445413143
0.4184881894309049	0.5815118105691028
0.5861535123897577	0.41384648761025045
0.5861535123897577	0.41384648761025045
0.5861535123897577	0.41384648761025045
0.5861535123897577	0.41384648761025045
0.5861535123897577	0.41384648761025045
0.5861535123897577	0.41384648761025045
0.5861535123897577	0.41384648761025045
0.4216691000712187	0.57833089992879
0.5861535123897577	0.41384648761025045
0.5861535123897577	0.41384648761025045
0.5861535123897577	0.41384648761025045
0.5861535123897577	0.41384648761025045
0.5861535123897577	0.41384648761025045
0.5861535123897577	0.41384648761025045
0.5861535123897577	0.41384648761025045
0.5861535123897577	0.41384648761025045
0.5861535123897577	0.41384648761025045
0.5861535123897577	0.41384648761025045
0.5861535123897577	0.41384648761025045
0.5861535123897577	0.41384648761025045
0.5861535123897577	0.41384648761025045
0.5861535123897577	0.41384648761025045
0.5861535123897577	0.41384648761025045
0.5861535123897577	0.41384648761025045
0.5861535123897577	0.41384648761025045
0.5861535123897577	0.41384648761025045
0.5861535123897577	0.41384648761025045
0.5861535123897577	0.41384648761025045
0.5861535123897577	0.41384648761025045
0.5861535123897577	0.41384648761025045
0.5861535123897577	0.41384648761025045
0.5861535123897577	0.41384648761025045
0.5861535123897577	0.41384648761025045
0.5861535123897577	0.41384648761025045
0.5861535123897577	0.41384648761025045
0.5861535123897577	0.41384648761025045
0.5861535123897577	0.41384648761025045
0.5861535123897577	0.41384648761025045
0.5861535123897577	0.41384648761025045
0.5861535123897577	0.41384648761025045
0.5861535123897577	0.41384648761025045
0.5861535123897577	0.41384648761025045
0.5861535123897577	0.41384648761025045
0.5861535123897577	0.41384648761025045
0.5861535123897577	0.41384648761025045
0.5861535123897577	0.41384648761025045
0.5861535123897577	0.41384648761025045
0.5861535123897577	0.41384648761025045
0.5861535123897577	0.41384648761025045
0.5861535123897577	0.41384648761025045
0.5861535123897577	0.41384648761025045
0.5861535123897577	0.41384648761025045
0.5861535123897577	0.41384648761025045
0.5861535123897577	0.41384648761025045
0.5861535123897577	0.41384648761025045
0.5861535123897577	0.41384648761025045
0.5861535123897577	0.41384648761025045
0.5861535123897577	0.41384648761025045
0.5861535123897577	0.41384648761025045
0.5861535123897577	0.41384648761025045
0.5861535123897577	0.41384648761025045
0.5861535123897577	0.41384648761025045
0.5861535123897577	0.41384648761025045
0.5861535123897577	0.41384648761025045
0.5861535123897577	0.41384648761025045
0.5861535123897577	0.41384648761025045
0.5861535123897577	0.41384648761025045
0.5861535123897577	0.41384648761025045
0.5861535123897577	0.41384648761025045
0.5861535123897577	0.41384648761025045
0.5861535123897577	0.41384648761025045
0.5861535123897577	0.41384648761025045
0.5861535123897577	0.41384648761025045
0.5861535123897577	0.41384648761025045
0.5861535123897577	0.41384648761025045
0.5861535123897577	0.41384648761025045
0.5861535123897577	0.41384648761025045
0.5861535123897577	0.41384648761025045
0.5861535123897577	0.41384648761025045
0.5861535123897577	0.41384648761025045
0.5861535123897577	0.41384648761025045
0.5861535123897577	0.41384648761025045
0.5861535123897577	0.41384648761025045
0.5861535123897577	0.41384648761025045
0.5861535123897577	0.41384648761025045
0.5861535123897577	0.41384648761025045
0.5861535123897577	0.41384648761025045
0.5861535123897577	0.41384648761025045
0.5861535123897577	0.41384648761025045
0.5861535123897577	0.41384648761025045
0.41490537867567245	0.5850946213243358
0.5861535123897577	0.41384648761025045
0.5861535123897577	0.41384648761025045
0.5861535123897577	0.41384648761025045
0.5861535123897577	0.41384648761025045
0.5861535123897577	0.41384648761025045
0.5861535123897577	0.41384648761025045
0.5861535123897577	0.41384648761025045
0.5861535123897577	0.41384648761025045
0.5861535123897577	0.41384648761025045
0.5861535123897577	0.41384648761025045
0.5861535123897577	0.41384648761025045
0.5861535123897577	0.41384648761025045
0.5861535123897577	0.41384648761025045
0.4184881894309049	0.5815118105691028
0.5861535123897577	0.41384648761025045
0.5861535123897577	0.41384648761025045
0.5861535123897577	0.41384648761025045
0.5861535123897577	0.41384648761025045
0.5861535123897577	0.41384648761025045
0.5861535123897577	0.41384648761025045
0.5861535123897577	0.41384648761025045
0.5861535123897577	0.41384648761025045
0.5861535123897577	0.41384648761025045
0.5861535123897577	0.41384648761025045
0.5861535123897577	0.41384648761025045
0.5861535123897577	0.41384648761025045
0.5861535123897577	0.41384648761025045
0.5861535123897577	0.41384648761025045
0.5861535123897577	0.41384648761025045
0.5861535123897577	0.41384648761025045
0.5861535123897577	0.41384648761025045
0.5861535123897577	0.41384648761025045
0.5861535123897577	0.41384648761025045
0.5861535123897577	0.41384648761025045
0.5861535123897577	0.41384648761025045
0.5861535123897577	0.41384648761025045
0.41421347075087955	0.5857865292491287
0.5861535123897577	0.41384648761025045
0.5861535123897577	0.41384648761025045
0.5861535123897577	0.41384648761025045
0.5861535123897577	0.41384648761025045
0.5861535123897577	0.41384648761025045
0.5861535123897577	0.41384648761025045
0.5861535123897577	0.41384648761025045
0.5861535123897577	0.41384648761025045
0.5861535123897577	0.41384648761025045
0.5861535123897577	0.41384648761025045
0.5861535123897577	0.41384648761025045
0.4216691000712187	0.57833089992879
0.5861535123897577	0.41384648761025045
0.5861535123897577	0.41384648761025045
0.5861535123897577	0.41384648761025045
0.5861535123897577	0.41384648761025045
0.5861535123897577	0.41384648761025045
0.5861535123897577	0.41384648761025045
0.5861535123897577	0.41384648761025045
0.5861535123897577	0.41384648761025045
0.5861535123897577	0.41384648761025045
0.5861535123897577	0.41384648761025045
0.5861535123897577	0.41384648761025045
0.5861535123897577	0.41384648761025045
0.5861535123897577	0.41384648761025045
0.5861535123897577	0.41384648761025045
0.5861535123897577	0.41384648761025045
0.4138464876102372	0.5861535123897706
0.5861535123897577	0.41384648761025045
0.5861535123897577	0.41384648761025045
0.5861535123897577	0.41384648761025045
0.5861535123897577	0.41384648761025045
0.5861535123897577	0.41384648761025045
0.5861535123897577	0.41384648761025045
0.5861535123897577	0.41384648761025045
0.5861535123897577	0.41384648761025045
0.5861535123897577	0.41384648761025045
0.5861535123897577	0.41384648761025045
0.5861535123897577	0.41384648761025045
0.5861535123897577	0.41384648761025045
0.5861535123897577	0.41384648761025045
0.5861535123897577	0.41384648761025045
0.5861535123897577	0.41384648761025045
0.5861535123897577	0.41384648761025045
0.5861535123897577	0.41384648761025045
0.5861535123897577	0.41384648761025045
0.5861535123897577	0.41384648761025045
0.5861535123897577	0.41384648761025045
0.5861535123897577	0.41384648761025045
0.5861535123897577	0.41384648761025045
0.5861535123897577	0.41384648761025045
0.5861535123897577	0.41384648761025045
0.5861535123897577	0.41384648761025045
0.5861535123897577	0.41384648761025045
0.5861535123897577	0.41384648761025045
0.5861535123897577	0.41384648761025045
0.5861535123897577	0.41384648761025045
0.5861535123897577	0.41384648761025045
0.5861535123897577	0.41384648761025045
0.5861535123897577	0.41384648761025045
0.5861535123897577	0.41384648761025045
0.5861535123897577	0.41384648761025045
0.5861535123897577	0.41384648761025045
0.5861535123897577	0.41384648761025045
0.4200310481837214	0.5799689518162876
0.5861535123897577	0.41384648761025045
0.5861535123897577	0.41384648761025045
0.5861535123897577	0.41384648761025045
0.5861535123897577	0.41384648761025045
0.5861535123897577	0.41384648761025045
0.5861535123897577	0.41384648761025045
0.4138464876102372	0.5861535123897706
0.5861535123897577	0.41384648761025045
0.5861535123897577	0.41384648761025045
0.5861535123897577	0.41384648761025045
0.5861535123897577	0.41384648761025045
0.5861535123897577	0.41384648761025045
0.5861535123897577	0.41384648761025045
0.5861535123897577	0.41384648761025045
0.5861535123897577	0.41384648761025045
0.5861535123897577	0.41384648761025045
0.5861535123897577	0.41384648761025045
0.5861535123897577	0.41384648761025045
0.5861535123897577	0.41384648761025045
0.5861535123897577	0.41384648761025045
0.5861535123897577	0.41384648761025045
0.5861535123897577	0.41384648761025045
0.5861535123897577	0.41384648761025045
0.5861535123897577	0.41384648761025045
0.5861535123897577	0.41384648761025045
0.5861535123897577	0.41384648761025045
0.5861535123897577	0.41384648761025045
0.5861535123897577	0.41384648761025045
0.5861535123897577	0.41384648761025045
0.5861535123897577	0.41384648761025045
0.5861535123897577	0.41384648761025045
0.41490537867567245	0.5850946213243358
0.5861535123897577	0.41384648761025045
0.5861535123897577	0.41384648761025045
0.43300265753633516	0.5669973424636746
0.5861535123897577	0.41384648761025045
0.43300265753633516	0.5669973424636746
0.5861535123897577	0.41384648761025045
0.5861535123897577	0.41384648761025045
0.5861535123897577	0.41384648761025045
0.5861535123897577	0.41384648761025045
0.5861535123897577	0.41384648761025045
0.41490537867567245	0.5850946213243358
0.5861535123897577	0.41384648761025045
0.5861535123897577	0.41384648761025045
0.5861535123897577	0.41384648761025045
0.5861535123897577	0.41384648761025045
0.5861535123897577	0.41384648761025045
0.5861535123897577	0.41384648761025045
0.5861535123897577	0.41384648761025045
0.5861535123897577	0.41384648761025045
0.4200310481837214	0.5799689518162876
0.5861535123897577	0.41384648761025045
0.5861535123897577	0.41384648761025045
0.4266769243898186	0.5733230756101901
0.5690975907748801	0.4309024092251309
0.5861535123897577	0.41384648761025045
0.5861535123897577	0.41384648761025045
0.5861535123897577	0.41384648761025045
0.5861535123897577	0.41384648761025045
0.5861535123897577	0.41384648761025045
0.5861535123897577	0.41384648761025045
0.5861535123897577	0.41384648761025045
0.5861535123897577	0.41384648761025045
0.5861535123897577	0.41384648761025045
0.4216691000712187	0.57833089992879
0.5861535123897577	0.41384648761025045
0.5861535123897577	0.41384648761025045
0.5861535123897577	0.41384648761025045
0.5861535123897577	0.41384648761025045
0.5861535123897577	0.41384648761025045
0.5861535123897577	0.41384648761025045
0.5861535123897577	0.41384648761025045
0.4200310481837214	0.5799689518162876
0.5861535123897577	0.41384648761025045
0.41490537867567245	0.5850946213243358
0.5861535123897577	0.41384648761025045
0.5861535123897577	0.41384648761025045
0.5861535123897577	0.41384648761025045
0.5861535123897577	0.41384648761025045
0.5861535123897577	0.41384648761025045
0.5861535123897577	0.41384648761025045
0.5861535123897577	0.41384648761025045
0.5861535123897577	0.41384648761025045
0.41421347075087955	0.5857865292491287
0.5861535123897577	0.41384648761025045
0.5861535123897577	0.41384648761025045
0.5861535123897577	0.41384648761025045
0.5861535123897577	0.41384648761025045
0.5861535123897577	0.41384648761025045
0.5861535123897577	0.41384648761025045
0.5861535123897577	0.41384648761025045
0.5861535123897577	0.41384648761025045
0.5861535123897577	0.41384648761025045
0.5861535123897577	0.41384648761025045
0.5861535123897577	0.41384648761025045
0.5861535123897577	0.41384648761025045
0.41421347075087955	0.5857865292491287
0.5861535123897577	0.41384648761025045
0.5861535123897577	0.41384648761025045
0.5861535123897577	0.41384648761025045
0.5861535123897577	0.41384648761025045
0.5861535123897577	0.41384648761025045
0.5861535123897577	0.41384648761025045
0.5861535123897577	0.41384648761025045
0.41490537867567245	0.5850946213243358
0.5861535123897577	0.41384648761025045
0.5861535123897577	0.41384648761025045
0.5861535123897577	0.41384648761025045
0.41421347075087955	0.5857865292491287
0.5861535123897577	0.41384648761025045
0.5861535123897577	0.41384648761025045
0.5861535123897577	0.41384648761025045
0.5861535123897577	0.41384648761025045
0.5861535123897577	0.41384648761025045
0.5861535123897577	0.41384648761025045
0.5861535123897577	0.41384648761025045
0.5861535123897577	0.41384648761025045
0.5861535123897577	0.41384648761025045
0.5861535123897577	0.41384648761025045
0.5861535123897577	0.41384648761025045
0.5861535123897577	0.41384648761025045
0.5861535123897577	0.41384648761025045
0.5861535123897577	0.41384648761025045
0.5861535123897577	0.41384648761025045
0.5861535123897577	0.41384648761025045
0.5861535123897577	0.41384648761025045
0.5861535123897577	0.41384648761025045
0.5861535123897577	0.41384648761025045
0.5861535123897577	0.41384648761025045
0.5861535123897577	0.41384648761025045
0.5861535123897577	0.41384648761025045
0.5861535123897577	0.41384648761025045
0.5861535123897577	0.41384648761025045
0.5861535123897577	0.41384648761025045
0.5861535123897577	0.41384648761025045
0.5861535123897577	0.41384648761025045
0.5861535123897577	0.41384648761025045
0.5861535123897577	0.41384648761025045
0.5861535123897577	0.41384648761025045
0.5861535123897577	0.41384648761025045
0.5861535123897577	0.41384648761025045
0.5861535123897577	0.41384648761025045
0.5861535123897577	0.41384648761025045
0.5861535123897577	0.41384648761025045
0.5861535123897577	0.41384648761025045
0.41490537867567245	0.5850946213243358
0.5861535123897577	0.41384648761025045
0.5861535123897577	0.41384648761025045
0.5861535123897577	0.41384648761025045
0.41490537867567245	0.5850946213243358
0.5861535123897577	0.41384648761025045
0.5861535123897577	0.41384648761025045
0.5861535123897577	0.41384648761025045
0.5861535123897577	0.41384648761025045
0.5861535123897577	0.41384648761025045
0.5861535123897577	0.41384648761025045
0.5861535123897577	0.41384648761025045
0.5861535123897577	0.41384648761025045
0.5861535123897577	0.41384648761025045
0.5861535123897577	0.41384648761025045
0.5861535123897577	0.41384648761025045
0.5861535123897577	0.41384648761025045
0.5861535123897577	0.41384648761025045
0.5861535123897577	0.41384648761025045
0.5861535123897577	0.41384648761025045
0.5861535123897577	0.41384648761025045
0.5861535123897577	0.41384648761025045
0.4138464876102372	0.5861535123897706
0.5861535123897577	0.41384648761025045
0.5861535123897577	0.41384648761025045
0.5861535123897577	0.41384648761025045
0.5861535123897577	0.41384648761025045
0.5861535123897577	0.41384648761025045
0.5861535123897577	0.41384648761025045
0.5861535123897577	0.41384648761025045
0.5861535123897577	0.41384648761025045
0.5861535123897577	0.41384648761025045
0.5861535123897577	0.41384648761025045
0.5861535123897577	0.41384648761025045
0.5861535123897577	0.41384648761025045
0.5861535123897577	0.41384648761025045
0.5861535123897577	0.41384648761025045
0.42503919823726716	0.5749608017627416
0.5861535123897577	0.41384648761025045
0.5861535123897577	0.41384648761025045
0.5861535123897577	0.41384648761025045
0.5861535123897577	0.41384648761025045
0.5861535123897577	0.41384648761025045
0.5861535123897577	0.41384648761025045
0.5861535123897577	0.41384648761025045
0.5861535123897577	0.41384648761025045
0.5861535123897577	0.41384648761025045
0.5861535123897577	0.41384648761025045
0.5861535123897577	0.41384648761025045
0.5861535123897577	0.41384648761025045
0.5861535123897577	0.41384648761025045
0.5861535123897577	0.41384648761025045
0.5861535123897577	0.41384648761025045
0.5861535123897577	0.41384648761025045
0.41490537867567245	0.5850946213243358
0.5861535123897577	0.41384648761025045
0.5861535123897577	0.41384648761025045
0.5861535123897577	0.41384648761025045
0.5861535123897577	0.41384648761025045
0.5861535123897577	0.41384648761025045
0.5861535123897577	0.41384648761025045
0.5861535123897577	0.41384648761025045
0.5861535123897577	0.41384648761025045
0.5861535123897577	0.41384648761025045
0.5861535123897577	0.41384648761025045
0.5861535123897577	0.41384648761025045
0.5861535123897577	0.41384648761025045
0.5861535123897577	0.41384648761025045
0.5861535123897577	0.41384648761025045
0.5861535123897577	0.41384648761025045
0.5861535123897577	0.41384648761025045
0.5861535123897577	0.41384648761025045
0.5861535123897577	0.41384648761025045
0.42503919823726716	0.5749608017627416
0.5861535123897577	0.41384648761025045
0.5861535123897577	0.41384648761025045
0.5861535123897577	0.41384648761025045
0.415878655458694	0.5841213445413143
0.5861535123897577	0.41384648761025045
0.5861535123897577	0.41384648761025045
0.5861535123897577	0.41384648761025045
0.5861535123897577	0.41384648761025045
0.5861535123897577	0.41384648761025045
0.5861535123897577	0.41384648761025045
0.5861535123897577	0.41384648761025045
0.5861535123897577	0.41384648761025045
0.5861535123897577	0.41384648761025045
0.5861535123897577	0.41384648761025045
0.5861535123897577	0.41384648761025045
0.5861535123897577	0.41384648761025045
0.5861535123897577	0.41384648761025045
0.5861535123897577	0.41384648761025045
0.5861535123897577	0.41384648761025045
0.5861535123897577	0.41384648761025045
0.5861535123897577	0.41384648761025045
0.5861535123897577	0.41384648761025045
0.5861535123897577	0.41384648761025045
0.5861535123897577	0.41384648761025045
0.5861535123897577	0.41384648761025045
0.5861535123897577	0.41384648761025045
0.5861535123897577	0.41384648761025045
0.5861535123897577	0.41384648761025045
0.5861535123897577	0.41384648761025045
0.5861535123897577	0.41384648761025045
0.5861535123897577	0.41384648761025045
0.5861535123897577	0.41384648761025045
0.41490537867567245	0.5850946213243358
0.5861535123897577	0.41384648761025045
0.5861535123897577	0.41384648761025045
0.5861535123897577	0.41384648761025045
0.5861535123897577	0.41384648761025045
0.41421347075087955	0.5857865292491287
0.5861535123897577	0.41384648761025045
0.5861535123897577	0.41384648761025045
0.5861535123897577	0.41384648761025045
0.5861535123897577	0.41384648761025045
0.5861535123897577	0.41384648761025045
0.5861535123897577	0.41384648761025045
0.5861535123897577	0.41384648761025045
0.5861535123897577	0.41384648761025045
0.5861535123897577	0.41384648761025045
0.5861535123897577	0.41384648761025045
0.5861535123897577	0.41384648761025045
0.5861535123897577	0.41384648761025045
0.5861535123897577	0.41384648761025045
0.5861535123897577	0.41384648761025045
0.5861535123897577	0.41384648761025045
0.5861535123897577	0.41384648761025045
0.4233543618774671	0.5766456381225413
0.5861535123897577	0.41384648761025045
0.5861535123897577	0.41384648761025045
0.5861535123897577	0.41384648761025045
0.5861535123897577	0.41384648761025045
0.415878655458694	0.5841213445413143
0.41421347075087955	0.5857865292491287
0.5861535123897577	0.41384648761025045
0.5861535123897577	0.41384648761025045
0.5861535123897577	0.41384648761025045
0.5861535123897577	0.41384648761025045
0.42503919823726716	0.5749608017627416
0.5861535123897577	0.41384648761025045
0.41708832968885035	0.5829116703111588
0.5861535123897577	0.41384648761025045
0.5861535123897577	0.41384648761025045
0.5861535123897577	0.41384648761025045
0.5861535123897577	0.41384648761025045
0.5861535123897577	0.41384648761025045
0.5861535123897577	0.41384648761025045
0.5861535123897577	0.41384648761025045
0.5861535123897577	0.41384648761025045
0.5861535123897577	0.41384648761025045
0.5861535123897577	0.41384648761025045
0.5861535123897577	0.41384648761025045
0.5861535123897577	0.41384648761025045
0.5861535123897577	0.41384648761025045
0.5861535123897577	0.41384648761025045
0.5861535123897577	0.41384648761025045
0.5861535123897577	0.41384648761025045
0.5861535123897577	0.41384648761025045
0.5861535123897577	0.41384648761025045
0.5861535123897577	0.41384648761025045
0.5861535123897577	0.41384648761025045
0.5861535123897577	0.41384648761025045
0.5861535123897577	0.41384648761025045
0.4138464876102372	0.5861535123897706
0.5861535123897577	0.41384648761025045
0.5861535123897577	0.41384648761025045
0.5861535123897577	0.41384648761025045
0.5861535123897577	0.41384648761025045
0.5861535123897577	0.41384648761025045
0.5861535123897577	0.41384648761025045
0.41490537867567245	0.5850946213243358
0.5861535123897577	0.41384648761025045
0.5861535123897577	0.41384648761025045
0.5861535123897577	0.41384648761025045
0.5861535123897577	0.41384648761025045
0.5861535123897577	0.41384648761025045
0.5861535123897577	0.41384648761025045
0.4138464876102372	0.5861535123897706
0.41490537867567245	0.5850946213243358
0.5861535123897577	0.41384648761025045
0.5861535123897577	0.41384648761025045
0.5861535123897577	0.41384648761025045
0.5861535123897577	0.41384648761025045
0.5861535123897577	0.41384648761025045
0.5861535123897577	0.41384648761025045
0.4138464876102372	0.5861535123897706
0.5861535123897577	0.41384648761025045
0.5861535123897577	0.41384648761025045
0.5861535123897577	0.41384648761025045
0.5861535123897577	0.41384648761025045
0.5861535123897577	0.41384648761025045
0.5861535123897577	0.41384648761025045
0.5861535123897577	0.41384648761025045
0.5861535123897577	0.41384648761025045
0.415878655458694	0.5841213445413143
0.5861535123897577	0.41384648761025045
0.5861535123897577	0.41384648761025045
0.5861535123897577	0.41384648761025045
0.5861535123897577	0.41384648761025045
0.5861535123897577	0.41384648761025045
0.5861535123897577	0.41384648761025045
0.5861535123897577	0.41384648761025045
0.5861535123897577	0.41384648761025045
0.5861535123897577	0.41384648761025045
0.5861535123897577	0.41384648761025045
0.5861535123897577	0.41384648761025045
0.5861535123897577	0.41384648761025045
0.5861535123897577	0.41384648761025045
0.5861535123897577	0.41384648761025045
0.5861535123897577	0.41384648761025045
0.5861535123897577	0.41384648761025045
0.5861535123897577	0.41384648761025045
0.5861535123897577	0.41384648761025045
0.5861535123897577	0.41384648761025045
0.5861535123897577	0.41384648761025045
0.5861535123897577	0.41384648761025045
0.5861535123897577	0.41384648761025045
0.5861535123897577	0.41384648761025045
0.5861535123897577	0.41384648761025045
0.5861535123897577	0.41384648761025045
0.5861535123897577	0.41384648761025045
0.5861535123897577	0.41384648761025045
0.5861535123897577	0.41384648761025045
0.5861535123897577	0.41384648761025045
0.5861535123897577	0.41384648761025045
0.5861535123897577	0.41384648761025045
0.5861535123897577	0.41384648761025045
0.5861535123897577	0.41384648761025045
0.5861535123897577	0.41384648761025045
0.5861535123897577	0.41384648761025045
0.5861535123897577	0.41384648761025045
0.5861535123897577	0.41384648761025045
0.5861535123897577	0.41384648761025045
0.5861535123897577	0.41384648761025045
0.5861535123897577	0.41384648761025045
0.5861535123897577	0.41384648761025045
0.5861535123897577	0.41384648761025045
0.5861535123897577	0.41384648761025045
0.5861535123897577	0.41384648761025045
0.5861535123897577	0.41384648761025045
0.5861535123897577	0.41384648761025045
0.5861535123897577	0.41384648761025045
0.5861535123897577	0.41384648761025045
0.5861535123897577	0.41384648761025045
0.5861535123897577	0.41384648761025045
0.5861535123897577	0.41384648761025045
0.5861535123897577	0.41384648761025045
0.5861535123897577	0.41384648761025045
0.5861535123897577	0.41384648761025045
0.5861535123897577	0.41384648761025045
0.5861535123897577	0.41384648761025045
0.5861535123897577	0.41384648761025045
0.5861535123897577	0.41384648761025045
0.5861535123897577	0.41384648761025045
0.5861535123897577	0.41384648761025045
0.5861535123897577	0.41384648761025045
0.5861535123897577	0.41384648761025045
0.5861535123897577	0.41384648761025045
0.5861535123897577	0.41384648761025045
0.5861535123897577	0.41384648761025045
0.5861535123897577	0.41384648761025045
0.4200310481837214	0.5799689518162876
0.5861535123897577	0.41384648761025045
0.5861535123897577	0.41384648761025045
0.5861535123897577	0.41384648761025045
0.5861535123897577	0.41384648761025045
0.415878655458694	0.5841213445413143
0.5861535123897577	0.41384648761025045
0.5861535123897577	0.41384648761025045
0.5861535123897577	0.41384648761025045
0.5861535123897577	0.41384648761025045
0.5861535123897577	0.41384648761025045
0.5861535123897577	0.41384648761025045
0.5861535123897577	0.41384648761025045
0.5861535123897577	0.41384648761025045
0.5861535123897577	0.41384648761025045
0.5861535123897577	0.41384648761025045
0.4184881894309049	0.5815118105691028
0.5861535123897577	0.41384648761025045
0.5861535123897577	0.41384648761025045
0.5861535123897577	0.41384648761025045
0.5861535123897577	0.41384648761025045
0.5861535123897577	0.41384648761025045
0.5861535123897577	0.41384648761025045
0.5861535123897577	0.41384648761025045
0.415878655458694	0.5841213445413143
0.5861535123897577	0.41384648761025045
0.5861535123897577	0.41384648761025045
0.5861535123897577	0.41384648761025045
0.5861535123897577	0.41384648761025045
0.5861535123897577	0.41384648761025045
0.5861535123897577	0.41384648761025045
0.5861535123897577	0.41384648761025045
0.4138464876102372	0.5861535123897706
0.5861535123897577	0.41384648761025045
0.5861535123897577	0.41384648761025045
0.5861535123897577	0.41384648761025045
0.5861535123897577	0.41384648761025045
0.5861535123897577	0.41384648761025045
0.5861535123897577	0.41384648761025045
0.5861535123897577	0.41384648761025045
0.5861535123897577	0.41384648761025045
0.5861535123897577	0.41384648761025045
0.5861535123897577	0.41384648761025045
0.5861535123897577	0.41384648761025045
0.4266769243898186	0.5733230756101901
0.5861535123897577	0.41384648761025045
0.5861535123897577	0.41384648761025045
0.5861535123897577	0.41384648761025045
0.5861535123897577	0.41384648761025045
0.5861535123897577	0.41384648761025045
0.5861535123897577	0.41384648761025045
0.5861535123897577	0.41384648761025045
0.5861535123897577	0.41384648761025045
0.5861535123897577	0.41384648761025045
0.5861535123897577	0.41384648761025045
0.5861535123897577	0.41384648761025045
0.5861535123897577	0.41384648761025045
0.5861535123897577	0.41384648761025045
0.5861535123897577	0.41384648761025045
0.41490537867567245	0.5850946213243358
0.5861535123897577	0.41384648761025045
0.5861535123897577	0.41384648761025045
0.5861535123897577	0.41384648761025045
0.5861535123897577	0.41384648761025045
0.5861535123897577	0.41384648761025045
0.5861535123897577	0.41384648761025045
0.5861535123897577	0.41384648761025045
0.5861535123897577	0.41384648761025045
0.5861535123897577	0.41384648761025045
0.5861535123897577	0.41384648761025045
0.5861535123897577	0.41384648761025045
0.5861535123897577	0.41384648761025045
0.5861535123897577	0.41384648761025045
0.5861535123897577	0.41384648761025045
0.5861535123897577	0.41384648761025045
0.5861535123897577	0.41384648761025045
0.5861535123897577	0.41384648761025045
0.5861535123897577	0.41384648761025045
0.5861535123897577	0.41384648761025045
0.5861535123897577	0.41384648761025045
0.5861535123897577	0.41384648761025045
0.5861535123897577	0.41384648761025045
0.5861535123897577	0.41384648761025045
0.5861535123897577	0.41384648761025045
0.5861535123897577	0.41384648761025045
0.5861535123897577	0.41384648761025045
0.5861535123897577	0.41384648761025045
0.5861535123897577	0.41384648761025045
0.5861535123897577	0.41384648761025045
0.5861535123897577	0.41384648761025045
0.5861535123897577	0.41384648761025045
0.5861535123897577	0.41384648761025045
0.5861535123897577	0.41384648761025045
0.5861535123897577	0.41384648761025045
0.5861535123897577	0.41384648761025045
0.5861535123897577	0.41384648761025045
0.5861535123897577	0.41384648761025045
0.5861535123897577	0.41384648761025045
0.5861535123897577	0.41384648761025045
0.5861535123897577	0.41384648761025045
0.5861535123897577	0.41384648761025045
0.41421347075087955	0.5857865292491287
0.5861535123897577	0.41384648761025045
0.5861535123897577	0.41384648761025045
0.5861535123897577	0.41384648761025045
0.5861535123897577	0.41384648761025045
0.5861535123897577	0.41384648761025045
0.5861535123897577	0.41384648761025045
0.5861535123897577	0.41384648761025045
0.5861535123897577	0.41384648761025045
0.5861535123897577	0.41384648761025045
0.5861535123897577	0.41384648761025045
0.5861535123897577	0.41384648761025045
0.4266769243898186	0.5733230756101901
0.5861535123897577	0.41384648761025045
0.5861535123897577	0.41384648761025045
0.5861535123897577	0.41384648761025045
0.5861535123897577	0.41384648761025045
0.5861535123897577	0.41384648761025045
0.5861535123897577	0.41384648761025045
0.5861535123897577	0.41384648761025045
0.5861535123897577	0.41384648761025045
0.5861535123897577	0.41384648761025045
0.5861535123897577	0.41384648761025045
0.5861535123897577	0.41384648761025045
0.5861535123897577	0.41384648761025045
0.5861535123897577	0.41384648761025045
0.5861535123897577	0.41384648761025045
0.5861535123897577	0.41384648761025045
0.41708832968885035	0.5829116703111588
0.5861535123897577	0.41384648761025045
0.5861535123897577	0.41384648761025045
0.5861535123897577	0.41384648761025045
0.41708832968885035	0.5829116703111588
0.5861535123897577	0.41384648761025045
0.5861535123897577	0.41384648761025045
0.4138464876102372	0.5861535123897706
0.5861535123897577	0.41384648761025045
0.5861535123897577	0.41384648761025045
0.5861535123897577	0.41384648761025045
0.5861535123897577	0.41384648761025045
0.5861535123897577	0.41384648761025045
0.5861535123897577	0.41384648761025045
0.5861535123897577	0.41384648761025045
0.5861535123897577	0.41384648761025045
0.5861535123897577	0.41384648761025045
0.5861535123897577	0.41384648761025045
0.5861535123897577	0.41384648761025045
0.5861535123897577	0.41384648761025045
0.5861535123897577	0.41384648761025045
0.5861535123897577	0.41384648761025045
0.5861535123897577	0.41384648761025045
0.5861535123897577	0.41384648761025045
0.5861535123897577	0.41384648761025045
0.5861535123897577	0.41384648761025045
0.5861535123897577	0.41384648761025045
0.5861535123897577	0.41384648761025045
0.5861535123897577	0.41384648761025045
0.5861535123897577	0.41384648761025045
0.5861535123897577	0.41384648761025045
0.5861535123897577	0.41384648761025045
0.5861535123897577	0.41384648761025045
0.4282224784886796	0.5717775215113287
0.5861535123897577	0.41384648761025045
0.5861535123897577	0.41384648761025045
0.5861535123897577	0.41384648761025045
0.5861535123897577	0.41384648761025045
0.5861535123897577	0.41384648761025045
0.5861535123897577	0.41384648761025045
0.5861535123897577	0.41384648761025045
0.4138464876102372	0.5861535123897706
0.4184881894309049	0.5815118105691028
0.5861535123897577	0.41384648761025045
0.5861535123897577	0.41384648761025045
0.4282224784886796	0.5717775215113287
0.5861535123897577	0.41384648761025045
0.5861535123897577	0.41384648761025045
0.5861535123897577	0.41384648761025045
0.5861535123897577	0.41384648761025045
0.5861535123897577	0.41384648761025045
0.5861535123897577	0.41384648761025045
0.5861535123897577	0.41384648761025045
0.5861535123897577	0.41384648761025045
0.5861535123897577	0.41384648761025045
0.5861535123897577	0.41384648761025045
0.5861535123897577	0.41384648761025045
0.5861535123897577	0.41384648761025045
0.5861535123897577	0.41384648761025045
0.5861535123897577	0.41384648761025045
0.5861535123897577	0.41384648761025045
0.5861535123897577	0.41384648761025045
0.5861535123897577	0.41384648761025045
0.4138464876102372	0.5861535123897706
0.4233543618774671	0.5766456381225413
0.5861535123897577	0.41384648761025045
0.42963315265827234	0.5703668473417355
0.4200310481837214	0.5799689518162876
0.5861535123897577	0.41384648761025045
0.5861535123897577	0.41384648761025045
0.5861535123897577	0.41384648761025045
0.5861535123897577	0.41384648761025045
0.5861535123897577	0.41384648761025045
0.5861535123897577	0.41384648761025045
0.5861535123897577	0.41384648761025045
0.5861535123897577	0.41384648761025045
0.5861535123897577	0.41384648761025045
0.5861535123897577	0.41384648761025045
0.5861535123897577	0.41384648761025045
0.5861535123897577	0.41384648761025045
0.4216691000712187	0.57833089992879
0.4200310481837214	0.5799689518162876
0.5770658032550917	0.4229341967449176
0.5861535123897577	0.41384648761025045
0.5861535123897577	0.41384648761025045
0.5861535123897577	0.41384648761025045
0.5861535123897577	0.41384648761025045
0.5861535123897577	0.41384648761025045
0.5861535123897577	0.41384648761025045
0.5861535123897577	0.41384648761025045
0.5861535123897577	0.41384648761025045
0.5861535123897577	0.41384648761025045
0.5861535123897577	0.41384648761025045
0.5861535123897577	0.41384648761025045
0.5861535123897577	0.41384648761025045
0.5861535123897577	0.41384648761025045
0.5861535123897577	0.41384648761025045
0.5861535123897577	0.41384648761025045
0.5861535123897577	0.41384648761025045
0.5861535123897577	0.41384648761025045
0.5861535123897577	0.41384648761025045
0.5861535123897577	0.41384648761025045
0.4200310481837214	0.5799689518162876
0.5861535123897577	0.41384648761025045
0.5861535123897577	0.41384648761025045
0.5861535123897577	0.41384648761025045
0.5861535123897577	0.41384648761025045
0.5861535123897577	0.41384648761025045
0.5861535123897577	0.41384648761025045
0.5861535123897577	0.41384648761025045
0.5861535123897577	0.41384648761025045
0.5861535123897577	0.41384648761025045
0.5861535123897577	0.41384648761025045
0.5861535123897577	0.41384648761025045
0.5861535123897577	0.41384648761025045
0.5861535123897577	0.41384648761025045
0.5805580506395811	0.41944194936042783
0.5861535123897577	0.41384648761025045
0.5861535123897577	0.41384648761025045
0.5861535123897577	0.41384648761025045
0.5861535123897577	0.41384648761025045
0.5861535123897577	0.41384648761025045
0.5861535123897577	0.41384648761025045
0.5861535123897577	0.41384648761025045
0.5861535123897577	0.41384648761025045
0.5861535123897577	0.41384648761025045
0.5861535123897577	0.41384648761025045
0.5861535123897577	0.41384648761025045
0.5861535123897577	0.41384648761025045
0.41421347075087955	0.5857865292491287
0.5861535123897577	0.41384648761025045
0.5861535123897577	0.41384648761025045
0.5861535123897577	0.41384648761025045
0.5861535123897577	0.41384648761025045
0.5861535123897577	0.41384648761025045
0.5861535123897577	0.41384648761025045
0.43086936895773	0.5691306310422805
0.5861535123897577	0.41384648761025045
0.5861535123897577	0.41384648761025045
0.5861535123897577	0.41384648761025045
0.5861535123897577	0.41384648761025045
0.5861535123897577	0.41384648761025045
0.5861535123897577	0.41384648761025045
0.5861535123897577	0.41384648761025045
0.4138464876102372	0.5861535123897706
0.5861535123897577	0.41384648761025045
0.5861535123897577	0.41384648761025045
0.5861535123897577	0.41384648761025045
0.5861535123897577	0.41384648761025045
0.5861535123897577	0.41384648761025045
0.5861535123897577	0.41384648761025045
0.5861535123897577	0.41384648761025045
0.5861535123897577	0.41384648761025045
0.5861535123897577	0.41384648761025045
0.5861535123897577	0.41384648761025045
0.5861535123897577	0.41384648761025045
0.5861535123897577	0.41384648761025045
0.5861535123897577	0.41384648761025045
0.5861535123897577	0.41384648761025045
0.5861535123897577	0.41384648761025045
0.5861535123897577	0.41384648761025045
0.4323384830237353	0.5676615169762725
0.5861535123897577	0.41384648761025045
0.43268059792685065	0.5673194020731583
0.5861535123897577	0.41384648761025045
0.5861535123897577	0.41384648761025045
0.5861535123897577	0.41384648761025045
0.5861535123897577	0.41384648761025045
0.4138464876102372	0.5861535123897706
0.5861535123897577	0.41384648761025045
0.5861535123897577	0.41384648761025045
0.5861535123897577	0.41384648761025045
0.5861535123897577	0.41384648761025045
0.5861535123897577	0.41384648761025045
0.5861535123897577	0.41384648761025045
0.415878655458694	0.5841213445413143
0.5861535123897577	0.41384648761025045
0.5861535123897577	0.41384648761025045
0.5861535123897577	0.41384648761025045
0.5861535123897577	0.41384648761025045
0.5861535123897577	0.41384648761025045
0.5861535123897577	0.41384648761025045
0.5861535123897577	0.41384648761025045
0.5861535123897577	0.41384648761025045
0.5861535123897577	0.41384648761025045
0.5861535123897577	0.41384648761025045
0.5861535123897577	0.41384648761025045
0.5861535123897577	0.41384648761025045
0.5861535123897577	0.41384648761025045
0.5861535123897577	0.41384648761025045
0.5861535123897577	0.41384648761025045
0.5861535123897577	0.41384648761025045
0.5861535123897577	0.41384648761025045
0.5861535123897577	0.41384648761025045
0.5861535123897577	0.41384648761025045
0.5861535123897577	0.41384648761025045
0.5861535123897577	0.41384648761025045
0.5861535123897577	0.41384648761025045
0.5861535123897577	0.41384648761025045
0.5861535123897577	0.41384648761025045
0.5861535123897577	0.41384648761025045
0.5861535123897577	0.41384648761025045
0.5861535123897577	0.41384648761025045
0.5861535123897577	0.41384648761025045
0.5861535123897577	0.41384648761025045
0.5861535123897577	0.41384648761025045
0.5861535123897577	0.41384648761025045
0.5861535123897577	0.41384648761025045
