0.5614341690708471	0.4385658309291618
0.43895197168988764	0.5610480283101209
0.5614341690708471	0.4385658309291618
0.4488581079830861	0.5511418920169234
0.43895197168988764	0.5610480283101209
0.5614341690708471	0.4385658309291618
0.5614341690708471	0.4385658309291618
0.5614341690708471	0.4385658309291618
0.443514288304789	0.5564857116952202
0.5614341690708471	0.4385658309291618
0.5614341690708471	0.4385658309291618
0.5614341690708471	0.4385658309291618
0.5614341690708471	0.4385658309291618
0.5614341690708471	0.4385658309291618
0.5614341690708471	0.4385658309291618
0.5614341690708471	0.4385658309291618
0.5614341690708471	0.4385658309291618
0.5614341690708471	0.4385658309291618
0.43895197168988764	0.5610480283101209
0.5614341690708471	0.4385658309291618
0.5614341690708471	0.4385658309291618
0.5614341690708471	0.4385658309291618
0.5614341690708471	0.4385658309291618
0.5614341690708471	0.4385658309291618
0.5614341690708471	0.4385658309291618
0.5614341690708471	0.4385658309291618
0.5614341690708471	0.4385658309291618
0.5614341690708471	0.4385658309291618
0.5614341690708471	0.4385658309291618
0.5614341690708471	0.4385658309291618
0.5614341690708471	0.4385658309291618
0.5614341690708471	0.4385658309291618
0.46022814221543745	0.5397718577845736
0.5614341690708471	0.4385658309291618
0.5614341690708471	0.4385658309291618
0.5614341690708471	0.4385658309291618
0.5614341690708471	0.4385658309291618
0.43895197168988764	0.5610480283101209
0.5614341690708471	0.4385658309291618
0.5614341690708471	0.4385658309291618
0.5614341690708471	0.4385658309291618
0.45264000218473677	0.5473599978152723
0.5614341690708471	0.4385658309291618
0.5614341690708471	0.4385658309291618
0.5614341690708471	0.4385658309291618
0.5614341690708471	0.4385658309291618
0.5614341690708471	0.4385658309291618
0.5614341690708471	0.4385658309291618
0.5614341690708471	0.4385658309291618
0.5614341690708471	0.4385658309291618
0.5614341690708471	0.4385658309291618
0.5614341690708471	0.4385658309291618
0.5614341690708471	0.4385658309291618
0.5614341690708471	0.4385658309291618
0.5614341690708471	0.4385658309291618
0.45264000218473677	0.5473599978152723
0.5614341690708471	0.4385658309291618
0.5614341690708471	0.4385658309291618
0.5614341690708471	0.4385658309291618
0.5614341690708471	0.4385658309291618
0.5614341690708471	0.4385658309291618
0.5614341690708471	0.4385658309291618
0.5614341690708471	0.4385658309291618
0.5614341690708471	0.4385658309291618
0.5614341690708471	0.4385658309291618
0.5614341690708471	0.4385658309291618
0.5614341690708471	0.4385658309291618
0.5614341690708471	0.4385658309291618
0.5614341690708471	0.4385658309291618
0.5614341690708471	0.4385658309291618
0.5614341690708471	0.4385658309291618
0.5614341690708471	0.4385658309291618
0.5614341690708471	0.4385658309291618
0.5614341690708471	0.4385658309291618
0.5614341690708471	0.4385658309291618
0.5614341690708471	0.4385658309291618
0.5614341690708471	0.4385658309291618
0.5614341690708471	0.4385658309291618
0.5614341690708471	0.4385658309291618
0.5614341690708471	0.4385658309291618
0.5614341690708471	0.4385658309291618
0.5614341690708471	0.4385658309291618
0.5614341690708471	0.4385658309291618
0.5614341690708471	0.4385658309291618
0.5614341690708471	0.4385658309291618
0.5614341690708471	0.4385658309291618
0.4561652592190936	0.5438347407809156
0.5614341690708471	0.4385658309291618
0.5614341690708471	0.4385658309291618
0.5614341690708471	0.4385658309291618
0.5614341690708471	0.4385658309291618
0.5614341690708471	0.4385658309291618
0.5614341690708471	0.4385658309291618
0.5614341690708471	0.4385658309291618
0.5614341690708471	0.4385658309291618
0.5614341690708471	0.4385658309291618
0.5614341690708471	0.4385658309291618
0.5614341690708471	0.4385658309291618
0.5614341690708471	0.4385658309291618
0.5614341690708471	0.4385658309291618
0.5614341690708471	0.4385658309291618
0.5614341690708471	0.4385658309291618
0.5614341690708471	0.4385658309291618
0.5614341690708471	0.4385658309291618
0.4561652592190936	0.5438347407809156
0.5614341690708471	0.4385658309291618
0.5614341690708471	0.4385658309291618
0.5614341690708471	0.4385658309291618
0.5614341690708471	0.4385658309291618
0.5614341690708471	0.4385658309291618
0.5614341690708471	0.4385658309291618
0.5614341690708471	0.4385658309291618
0.5614341690708471	0.4385658309291618
0.43895197168988764	0.5610480283101209
0.5614341690708471	0.4385658309291618
0.4488581079830861	0.5511418920169234
0.5614341690708471	0.4385658309291618
0.5614341690708471	0.4385658309291618
0.5614341690708471	0.4385658309291618
0.5614341690708471	0.4385658309291618
0.5614341690708471	0.4385658309291618
0.5614341690708471	0.4385658309291618
0.5614341690708471	0.4385658309291618
0.5614341690708471	0.4385658309291618
0.5614341690708471	0.4385658309291618
0.5614341690708471	0.4385658309291618
0.5614341690708471	0.4385658309291618
0.5614341690708471	0.4385658309291618
0.5439660452149561	0.4560339547850532
0.5614341690708471	0.4385658309291618
0.5614341690708471	0.4385658309291618
0.5614341690708471	0.4385658309291618
0.5614341690708471	0.4385658309291618
0.5614341690708471	0.4385658309291618
0.5614341690708471	0.4385658309291618
0.43968285300517873	0.5603171469948296
0.5614341690708471	0.4385658309291618
0.5614341690708471	0.4385658309291618
0.5614341690708471	0.4385658309291618
0.5614341690708471	0.4385658309291618
0.5614341690708471	0.4385658309291618
0.5614341690708471	0.4385658309291618
0.5614341690708471	0.4385658309291618
0.5614341690708471	0.4385658309291618
0.5614341690708471	0.4385658309291618
0.5614341690708471	0.4385658309291618
0.5614341690708471	0.4385658309291618
0.5614341690708471	0.4385658309291618
0.5614341690708471	0.4385658309291618
0.5614341690708471	0.4385658309291618
0.5614341690708471	0.4385658309291618
0.5614341690708471	0.4385658309291618
0.5614341690708471	0.4385658309291618
0.5614341690708471	0.4385658309291618
0.5614341690708471	0.4385658309291618
0.43968285300517873	0.5603171469948296
0.5614341690708471	0.4385658309291618
0.5614341690708471	0.4385658309291618
0.5614341690708471	0.4385658309291618
0.5614341690708471	0.4385658309291618
0.5614341690708471	0.4385658309291618
0.5614341690708471	0.4385658309291618
0.5614341690708471	0.4385658309291618
0.5614341690708471	0.4385658309291618
0.5614341690708471	0.4385658309291618
0.5614341690708471	0.4385658309291618
0.4407160630895646	0.5592839369104443
0.5614341690708471	0.4385658309291618
0.5614341690708471	0.4385658309291618
0.4385658309291739	0.5614341690708348
0.5614341690708471	0.4385658309291618
0.5614341690708471	0.4385658309291618
0.5614341690708471	0.4385658309291618
0.5614341690708471	0.4385658309291618
0.5614341690708471	0.4385658309291618
0.5614341690708471	0.4385658309291618
0.5614341690708471	0.4385658309291618
0.5614341690708471	0.4385658309291618
0.5614341690708471	0.4385658309291618
0.43895197168988764	0.5610480283101209
0.4407160630895646	0.5592839369104443
0.5614341690708471	0.4385658309291618
0.5614341690708471	0.4385658309291618
0.5614341690708471	0.4385658309291618
0.5614341690708471	0.4385658309291618
0.5614341690708471	0.4385658309291618
0.5614341690708471	0.4385658309291618
0.5614341690708471	0.4385658309291618
0.5614341690708471	0.4385658309291618
0.5614341690708471	0.4385658309291618
0.5614341690708471	0.4385658309291618
0.5614341690708471	0.4385658309291618
0.5614341690708471	0.4385658309291618
0.5614341690708471	0.4385658309291618
0.5614341690708471	0.4385658309291618
0.5614341690708471	0.4385658309291618
0.5614341690708471	0.4385658309291618
0.5614341690708471	0.4385658309291618
0.5614341690708471	0.4385658309291618
0.5614341690708471	0.4385658309291618
0.5614341690708471	0.4385658309291618
0.5614341690708471	0.4385658309291618
0.5614341690708471	0.4385658309291618
0.5614341690708471	0.4385658309291618
0.5614341690708471	0.4385658309291618
0.445189061700646	0.5548109382993633
0.5614341690708471	0.4385658309291618
0.5614341690708471	0.4385658309291618
0.5614341690708471	0.4385658309291618
0.5614341690708471	0.4385658309291618
0.5614341690708471	0.4385658309291618
0.44200808207603465	0.5579919179239741
0.5614341690708471	0.4385658309291618
0.5614341690708471	0.4385658309291618
0.5614341690708471	0.4385658309291618
0.5614341690708471	0.4385658309291618
0.5614341690708471	0.4385658309291618
0.5614341690708471	0.4385658309291618
0.5614341690708471	0.4385658309291618
0.5614341690708471	0.4385658309291618
0.5614341690708471	0.4385658309291618
0.5614341690708471	0.4385658309291618
0.5614341690708471	0.4385658309291618
0.5614341690708471	0.4385658309291618
0.5614341690708471	0.4385658309291618
0.5614341690708471	0.4385658309291618
0.5614341690708471	0.4385658309291618
0.5614341690708471	0.4385658309291618
0.5614341690708471	0.4385658309291618
0.5614341690708471	0.4385658309291618
0.5614341690708471	0.4385658309291618
0.5614341690708471	0.4385658309291618
0.5614341690708471	0.4385658309291618
0.5614341690708471	0.4385658309291618
0.5614341690708471	0.4385658309291618
0.5614341690708471	0.4385658309291618
0.5614341690708471	0.4385658309291618
0.5614341690708471	0.4385658309291618
0.5614341690708471	0.4385658309291618
0.5614341690708471	0.4385658309291618
0.5614341690708471	0.4385658309291618
0.5614341690708471	0.4385658309291618
0.5614341690708471	0.4385658309291618
0.45264000218473677	0.5473599978152723
0.4385658309291739	0.5614341690708348
0.445189061700646	0.5548109382993633
0.5614341690708471	0.4385658309291618
0.5614341690708471	0.4385658309291618
0.5614341690708471	0.4385658309291618
0.5614341690708471	0.4385658309291618
0.5614341690708471	0.4385658309291618
0.5614341690708471	0.4385658309291618
0.5614341690708471	0.4385658309291618
0.5614341690708471	0.4385658309291618
0.5614341690708471	0.4385658309291618
0.5614341690708471	0.4385658309291618
0.5614341690708471	0.4385658309291618
0.5614341690708471	0.4385658309291618
0.5614341690708471	0.4385658309291618
0.5614341690708471	0.4385658309291618
0.5614341690708471	0.4385658309291618
0.5614341690708471	0.4385658309291618
0.5382920659192462	0.4617079340807629
0.5614341690708471	0.4385658309291618
0.5614341690708471	0.4385658309291618
0.5614341690708471	0.4385658309291618
0.5614341690708471	0.4385658309291618
0.5614341690708471	0.4385658309291618
0.5614341690708471	0.4385658309291618
0.5614341690708471	0.4385658309291618
0.5614341690708471	0.4385658309291618
0.5614341690708471	0.4385658309291618
0.5614341690708471	0.4385658309291618
0.5603171469948168	0.43968285300519155
0.5614341690708471	0.4385658309291618
0.43895197168988764	0.5610480283101209
0.5614341690708471	0.4385658309291618
0.5614341690708471	0.4385658309291618
0.5614341690708471	0.4385658309291618
0.5614341690708471	0.4385658309291618
0.5614341690708471	0.4385658309291618
0.5614341690708471	0.4385658309291618
0.5614341690708471	0.4385658309291618
0.5614341690708471	0.4385658309291618
0.5614341690708471	0.4385658309291618
0.5614341690708471	0.4385658309291618
0.5614341690708471	0.4385658309291618
0.5614341690708471	0.4385658309291618
0.5614341690708471	0.4385658309291618
0.5614341690708471	0.4385658309291618
0.5614341690708471	0.4385658309291618
0.5614341690708471	0.4385658309291618
0.5614341690708471	0.4385658309291618
0.5614341690708471	0.4385658309291618
0.5614341690708471	0.4385658309291618
0.5614341690708471	0.4385658309291618
0.5614341690708471	0.4385658309291618
0.5614341690708471	0.4385658309291618
0.5614341690708471	0.4385658309291618
0.43968285300517873	0.5603171469948296
0.5614341690708471	0.4385658309291618
0.5614341690708471	0.4385658309291618
0.5614341690708471	0.4385658309291618
0.5614341690708471	0.4385658309291618
0.5614341690708471	0.4385658309291618
0.5614341690708471	0.4385658309291618
0.5614341690708471	0.4385658309291618
0.4617079340807488	0.538292065919261
0.5614341690708471	0.4385658309291618
0.5614341690708471	0.4385658309291618
0.5614341690708471	0.4385658309291618
0.5614341690708471	0.4385658309291618
0.5614341690708471	0.4385658309291618
0.5614341690708471	0.4385658309291618
0.5614341690708471	0.4385658309291618
0.5614341690708471	0.4385658309291618
0.5614341690708471	0.4385658309291618
0.5614341690708471	0.4385658309291618
0.5614341690708471	0.4385658309291618
0.5614341690708471	0.4385658309291618
0.5614341690708471	0.4385658309291618
0.43968285300517873	0.5603171469948296
0.5614341690708471	0.4385658309291618
0.4616289172011879	0.5383710827988205
0.5614341690708471	0.4385658309291618
0.5614341690708471	0.4385658309291618
0.44698598043350923	0.5530140195664989
0.5614341690708471	0.4385658309291618
0.5614341690708471	0.4385658309291618
0.5614341690708471	0.4385658309291618
0.5614341690708471	0.4385658309291618
0.5614341690708471	0.4385658309291618
0.5614341690708471	0.4385658309291618
0.5614341690708471	0.4385658309291618
0.4385658309291739	0.5614341690708348
0.5614341690708471	0.4385658309291618
0.5614341690708471	0.4385658309291618
0.5374298578614637	0.4625701421385449
0.43968285300517873	0.5603171469948296
0.5614341690708471	0.4385658309291618
0.5614341690708471	0.4385658309291618
0.5614341690708471	0.4385658309291618
0.5614341690708471	0.4385658309291618
0.44200808207603465	0.5579919179239741
0.5614341690708471	0.4385658309291618
0.5614341690708471	0.4385658309291618
0.5614341690708471	0.4385658309291618
0.5614341690708471	0.4385658309291618
0.5614341690708471	0.4385658309291618
0.5614341690708471	0.4385658309291618
0.5614341690708471	0.4385658309291618
0.5614341690708471	0.4385658309291618
0.5614341690708471	0.4385658309291618
0.5614341690708471	0.4385658309291618
0.5614341690708471	0.4385658309291618
0.5614341690708471	0.4385658309291618
0.5614341690708471	0.4385658309291618
0.5614341690708471	0.4385658309291618
0.5614341690708471	0.4385658309291618
0.5614341690708471	0.4385658309291618
0.5614341690708471	0.4385658309291618
0.5614341690708471	0.4385658309291618
0.5614341690708471	0.4385658309291618
0.5614341690708471	0.4385658309291618
0.5614341690708471	0.4385658309291618
0.5614341690708471	0.4385658309291618
0.5614341690708471	0.4385658309291618
0.5614341690708471	0.4385658309291618
0.5614341690708471	0.4385658309291618
0.5614341690708471	0.4385658309291618
0.5614341690708471	0.4385658309291618
0.5614341690708471	0.4385658309291618
0.5614341690708471	0.4385658309291618
0.5614341690708471	0.4385658309291618
0.5614341690708471	0.4385658309291618
0.5614341690708471	0.4385658309291618
0.5614341690708471	0.4385658309291618
0.5614341690708471	0.4385658309291618
0.5614341690708471	0.4385658309291618
0.5614341690708471	0.4385658309291618
0.5614341690708471	0.4385658309291618
0.5614341690708471	0.4385658309291618
0.5614341690708471	0.4385658309291618
0.5614341690708471	0.4385658309291618
0.5614341690708471	0.4385658309291618
0.5614341690708471	0.4385658309291618
0.5614341690708471	0.4385658309291618
0.5614341690708471	0.4385658309291618
0.5614341690708471	0.4385658309291618
0.5614341690708471	0.4385658309291618
0.5614341690708471	0.4385658309291618
0.5614341690708471	0.4385658309291618
0.5614341690708471	0.4385658309291618
0.5614341690708471	0.4385658309291618
0.5614341690708471	0.4385658309291618
0.5614341690708471	0.4385658309291618
0.5614341690708471	0.4385658309291618
0.5614341690708471	0.4385658309291618
0.5614341690708471	0.4385658309291618
0.5614341690708471	0.4385658309291618
0.5614341690708471	0.4385658309291618
0.445189061700646	0.5548109382993633
0.5614341690708471	0.4385658309291618
0.5614341690708471	0.4385658309291618
0.5614341690708471	0.4385658309291618
0.5614341690708471	0.4385658309291618
0.5614341690708471	0.4385658309291618
0.5614341690708471	0.4385658309291618
0.5614341690708471	0.4385658309291618
0.4407160630895646	0.5592839369104443
0.5614341690708471	0.4385658309291618
0.5614341690708471	0.4385658309291618
0.5614341690708471	0.4385658309291618
0.5422778421660269	0.4577221578339817
0.5614341690708471	0.4385658309291618
0.5614341690708471	0.4385658309291618
0.5614341690708471	0.4385658309291618
0.5614341690708471	0.4385658309291618
0.5614341690708471	0.4385658309291618
0.4407160630895646	0.5592839369104443
0.5614341690708471	0.4385658309291618
0.5614341690708471	0.4385658309291618
0.5614341690708471	0.4385658309291618
0.5614341690708471	0.4385658309291618
0.5614341690708471	0.4385658309291618
0.5614341690708471	0.4385658309291618
0.5614341690708471	0.4385658309291618
0.5614341690708471	0.4385658309291618
0.5614341690708471	0.4385658309291618
0.44200808207603465	0.5579919179239741
0.5614341690708471	0.4385658309291618
0.5614341690708471	0.4385658309291618
0.5614341690708471	0.4385658309291618
0.5614341690708471	0.4385658309291618
0.5614341690708471	0.4385658309291618
0.5614341690708471	0.4385658309291618
0.5614341690708471	0.4385658309291618
0.43968285300517873	0.5603171469948296
0.5614341690708471	0.4385658309291618
0.5614341690708471	0.4385658309291618
0.5614341690708471	0.4385658309291618
0.5614341690708471	0.4385658309291618
0.551299455526656	0.448700544473353
0.5614341690708471	0.4385658309291618
0.5614341690708471	0.4385658309291618
0.5614341690708471	0.4385658309291618
0.5614341690708471	0.4385658309291618
0.5614341690708471	0.4385658309291618
0.5614341690708471	0.4385658309291618
0.5614341690708471	0.4385658309291618
0.5614341690708471	0.4385658309291618
0.5614341690708471	0.4385658309291618
0.5614341690708471	0.4385658309291618
0.5614341690708471	0.4385658309291618
0.5614341690708471	0.4385658309291618
0.5614341690708471	0.4385658309291618
0.5614341690708471	0.4385658309291618
0.5614341690708471	0.4385658309291618
0.5614341690708471	0.4385658309291618
0.5614341690708471	0.4385658309291618
0.5614341690708471	0.4385658309291618
0.5614341690708471	0.4385658309291618
0.5614341690708471	0.4385658309291618
0.5614341690708471	0.4385658309291618
0.5614341690708471	0.4385658309291618
0.5614341690708471	0.4385658309291618
0.5614341690708471	0.4385658309291618
0.5614341690708471	0.4385658309291618
0.5614341690708471	0.4385658309291618
0.45075836781204026	0.5492416321879686
0.5614341690708471	0.4385658309291618
0.4488581079830861	0.5511418920169234
0.5614341690708471	0.4385658309291618
0.4385658309291739	0.5614341690708348
0.5614341690708471	0.4385658309291618
0.5614341690708471	0.4385658309291618
0.5614341690708471	0.4385658309291618
0.5614341690708471	0.4385658309291618
0.5614341690708471	0.4385658309291618
0.5614341690708471	0.4385658309291618
0.5614341690708471	0.4385658309291618
0.5614341690708471	0.4385658309291618
0.5614341690708471	0.4385658309291618
0.5614341690708471	0.4385658309291618
0.5614341690708471	0.4385658309291618
0.5614341690708471	0.4385658309291618
0.5614341690708471	0.4385658309291618
0.445189061700646	0.5548109382993633
0.5614341690708471	0.4385658309291618
0.5614341690708471	0.4385658309291618
0.5614341690708471	0.4385658309291618
0.5614341690708471	0.4385658309291618
0.5614341690708471	0.4385658309291618
0.5614341690708471	0.4385658309291618
0.5614341690708471	0.4385658309291618
0.5614341690708471	0.4385658309291618
0.5614341690708471	0.4385658309291618
0.5614341690708471	0.4385658309291618
0.5614341690708471	0.4385658309291618
0.5614341690708471	0.4385658309291618
0.5614341690708471	0.4385658309291618
0.5614341690708471	0.4385658309291618
0.5614341690708471	0.4385658309291618
0.5614341690708471	0.4385658309291618
0.5614341690708471	0.4385658309291618
0.4488581079830861	0.5511418920169234
0.5614341690708471	0.4385658309291618
0.5614341690708471	0.4385658309291618
0.5614341690708471	0.4385658309291618
0.5614341690708471	0.4385658309291618
0.5614341690708471	0.4385658309291618
0.5614341690708471	0.4385658309291618
0.5614341690708471	0.4385658309291618
0.5614341690708471	0.4385658309291618
0.4488581079830861	0.5511418920169234
0.5614341690708471	0.4385658309291618
0.5614341690708471	0.4385658309291618
0.5614341690708471	0.4385658309291618
0.5614341690708471	0.4385658309291618
0.5614341690708471	0.4385658309291618
0.5614341690708471	0.4385658309291618
0.5614341690708471	0.4385658309291618
0.5614341690708471	0.4385658309291618
0.5614341690708471	0.4385658309291618
0.44200808207603465	0.5579919179239741
0.5614341690708471	0.4385658309291618
0.5614341690708471	0.4385658309291618
0.5614341690708471	0.4385658309291618
0.445189061700646	0.5548109382993633
0.4488581079830861	0.5511418920169234
0.5614341690708471	0.4385658309291618
0.43968285300517873	0.5603171469948296
0.5614341690708471	0.4385658309291618
0.5614341690708471	0.4385658309291618
0.5614341690708471	0.4385658309291618
0.5614341690708471	0.4385658309291618
0.5614341690708471	0.4385658309291618
0.5614341690708471	0.4385658309291618
0.4407160630895646	0.5592839369104443
0.5614341690708471	0.4385658309291618
0.5614341690708471	0.4385658309291618
0.5614341690708471	0.4385658309291618
0.5614341690708471	0.4385658309291618
0.5614341690708471	0.4385658309291618
0.5614341690708471	0.4385658309291618
0.5614341690708471	0.4385658309291618
0.5614341690708471	0.4385658309291618
0.5614341690708471	0.4385658309291618
0.5614341690708471	0.4385658309291618
0.5614341690708471	0.4385658309291618
0.5614341690708471	0.4385658309291618
0.5614341690708471	0.4385658309291618
0.5614341690708471	0.4385658309291618
0.5614341690708471	0.4385658309291618
0.5614341690708471	0.4385658309291618
0.5614341690708471	0.4385658309291618
0.5614341690708471	0.4385658309291618
0.5614341690708471	0.4385658309291618
0.5614341690708471	0.4385658309291618
0.443514288304789	0.5564857116952202
0.5614341690708471	0.4385658309291618
0.5614341690708471	0.4385658309291618
0.5614341690708471	0.4385658309291618
0.5614341690708471	0.4385658309291618
0.5614341690708471	0.4385658309291618
0.5614341690708471	0.4385658309291618
0.5614341690708471	0.4385658309291618
0.5614341690708471	0.4385658309291618
0.5614341690708471	0.4385658309291618
0.5614341690708471	0.4385658309291618
0.5614341690708471	0.4385658309291618
0.5614341690708471	0.4385658309291618
0.4385658309291739	0.5614341690708348
0.5614341690708471	0.4385658309291618
0.5614341690708471	0.4385658309291618
0.5614341690708471	0.4385658309291618
0.5614341690708471	0.4385658309291618
0.5614341690708471	0.4385658309291618
0.5614341690708471	0.4385658309291618
0.5614341690708471	0.4385658309291618
0.5614341690708471	0.4385658309291618
0.5614341690708471	0.4385658309291618
0.5614341690708471	0.4385658309291618
0.5614341690708471	0.4385658309291618
0.5614341690708471	0.4385658309291618
0.5614341690708471	0.4385658309291618
0.5614341690708471	0.4385658309291618
0.5614341690708471	0.4385658309291618
0.5614341690708471	0.4385658309291618
0.5614341690708471	0.4385658309291618
0.5614341690708471	0.4385658309291618
0.5614341690708471	0.4385658309291618
0.5614341690708471	0.4385658309291618
0.5614341690708471	0.4385658309291618
0.4385658309291739	0.5614341690708348
0.43895197168988764	0.5610480283101209
0.5614341690708471	0.4385658309291618
0.5614341690708471	0.4385658309291618
0.5614341690708471	0.4385658309291618
0.5614341690708471	0.4385658309291618
0.5614341690708471	0.4385658309291618
0.5614341690708471	0.4385658309291618
0.5614341690708471	0.4385658309291618
0.5614341690708471	0.4385658309291618
0.5614341690708471	0.4385658309291618
0.5614341690708471	0.4385658309291618
0.5614341690708471	0.4385658309291618
0.5614341690708471	0.4385658309291618
0.5614341690708471	0.4385658309291618
0.5614341690708471	0.4385658309291618
0.44200808207603465	0.5579919179239741
0.4385658309291739	0.5614341690708348
0.5614341690708471	0.4385658309291618
0.5614341690708471	0.4385658309291618
0.5614341690708471	0.4385658309291618
0.5614341690708471	0.4385658309291618
0.5614341690708471	0.4385658309291618
0.5614341690708471	0.4385658309291618
0.5614341690708471	0.4385658309291618
0.5614341690708471	0.4385658309291618
0.5614341690708471	0.4385658309291618
0.5614341690708471	0.4385658309291618
0.5614341690708471	0.4385658309291618
0.5614341690708471	0.4385658309291618
0.5614341690708471	0.4385658309291618
0.5614341690708471	0.4385658309291618
0.5614341690708471	0.4385658309291618
0.5614341690708471	0.4385658309291618
0.43895197168988764	0.5610480283101209
0.43895197168988764	0.5610480283101209
0.5614341690708471	0.4385658309291618
0.5614341690708471	0.4385658309291618
0.5614341690708471	0.4385658309291618
0.5614341690708471	0.4385658309291618
0.5614341690708471	0.4385658309291618
0.5614341690708471	0.4385658309291618
0.5614341690708471	0.4385658309291618
0.5614341690708471	0.4385658309291618
0.5614341690708471	0.4385658309291618
0.5614341690708471	0.4385658309291618
0.5614341690708471	0.4385658309291618
0.5614341690708471	0.4385658309291618
0.5614341690708471	0.4385658309291618
0.5614341690708471	0.4385658309291618
0.5614341690708471	0.4385658309291618
0.5614341690708471	0.4385658309291618
0.5614341690708471	0.4385658309291618
0.5614341690708471	0.4385658309291618
0.5614341690708471	0.4385658309291618
0.5614341690708471	0.4385658309291618
0.5614341690708471	0.4385658309291618
0.5614341690708471	0.4385658309291618
0.5614341690708471	0.4385658309291618
0.5614341690708471	0.4385658309291618
0.5614341690708471	0.4385658309291618
0.5614341690708471	0.4385658309291618
0.43968285300517873	0.5603171469948296
0.5614341690708471	0.4385658309291618
0.5614341690708471	0.4385658309291618
0.5614341690708471	0.4385658309291618
0.5614341690708471	0.4385658309291618
0.5614341690708471	0.4385658309291618
0.5614341690708471	0.4385658309291618
0.5614341690708471	0.4385658309291618
0.4561652592190936	0.5438347407809156
0.5614341690708471	0.4385658309291618
0.5614341690708471	0.4385658309291618
0.5614341690708471	0.4385658309291618
0.5614341690708471	0.4385658309291618
0.5614341690708471	0.4385658309291618
0.5614341690708471	0.4385658309291618
0.4488581079830861	0.5511418920169234
0.4385658309291739	0.5614341690708348
0.5614341690708471	0.4385658309291618
0.5614341690708471	0.4385658309291618
0.5614341690708471	0.4385658309291618
0.45445711032969555	0.5455428896703141
0.5614341690708471	0.4385658309291618
0.5614341690708471	0.4385658309291618
0.5614341690708471	0.4385658309291618
0.43968285300517873	0.5603171469948296
0.5614341690708471	0.4385658309291618
0.5614341690708471	0.4385658309291618
0.5614341690708471	0.4385658309291618
0.5614341690708471	0.4385658309291618
0.5614341690708471	0.4385658309291618
0.5614341690708471	0.4385658309291618
0.5614341690708471	0.4385658309291618
0.5614341690708471	0.4385658309291618
0.5614341690708471	0.4385658309291618
0.5614341690708471	0.4385658309291618
0.5614341690708471	0.4385658309291618
0.5614341690708471	0.4385658309291618
0.5614341690708471	0.4385658309291618
0.5614341690708471	0.4385658309291618
0.5614341690708471	0.4385658309291618
0.5614341690708471	0.4385658309291618
0.5614341690708471	0.4385658309291618
0.5614341690708471	0.4385658309291618
0.5614341690708471	0.4385658309291618
0.4385658309291739	0.5614341690708348
0.5614341690708471	0.4385658309291618
0.5614341690708471	0.4385658309291618
0.5614341690708471	0.4385658309291618
0.4488581079830861	0.5511418920169234
0.5614341690708471	0.4385658309291618
0.5614341690708471	0.4385658309291618
0.5614341690708471	0.4385658309291618
0.5614341690708471	0.4385658309291618
0.5614341690708471	0.4385658309291618
0.5614341690708471	0.4385658309291618
0.5614341690708471	0.4385658309291618
0.5614341690708471	0.4385658309291618
0.5614341690708471	0.4385658309291618
0.5614341690708471	0.4385658309291618
0.5614341690708471	0.4385658309291618
0.5614341690708471	0.4385658309291618
0.5614341690708471	0.4385658309291618
0.5614341690708471	0.4385658309291618
0.5614341690708471	0.4385658309291618
0.5614341690708471	0.4385658309291618
0.5614341690708471	0.4385658309291618
0.5614341690708471	0.4385658309291618
0.5614341690708471	0.4385658309291618
0.5614341690708471	0.4385658309291618
0.5614341690708471	0.4385658309291618
0.5614341690708471	0.4385658309291618
0.5614341690708471	0.4385658309291618
0.5614341690708471	0.4385658309291618
0.5614341690708471	0.4385658309291618
0.5614341690708471	0.4385658309291618
0.5614341690708471	0.4385658309291618
0.5614341690708471	0.4385658309291618
0.45772215783396725	0.5422778421660415
0.5614341690708471	0.4385658309291618
0.5614341690708471	0.4385658309291618
0.5614341690708471	0.4385658309291618
0.5614341690708471	0.4385658309291618
0.5614341690708471	0.4385658309291618
0.5614341690708471	0.4385658309291618
0.45075836781204026	0.5492416321879686
0.5614341690708471	0.4385658309291618
0.5614341690708471	0.4385658309291618
0.5614341690708471	0.4385658309291618
0.43968285300517873	0.5603171469948296
0.5614341690708471	0.4385658309291618
0.5614341690708471	0.4385658309291618
0.5614341690708471	0.4385658309291618
0.5614341690708471	0.4385658309291618
0.5614341690708471	0.4385658309291618
0.4385658309291739	0.5614341690708348
0.5614341690708471	0.4385658309291618
0.5614341690708471	0.4385658309291618
0.5614341690708471	0.4385658309291618
0.5614341690708471	0.4385658309291618
0.5614341690708471	0.4385658309291618
0.5614341690708471	0.4385658309291618
0.5614341690708471	0.4385658309291618
0.443514288304789	0.5564857116952202
0.5614341690708471	0.4385658309291618
0.5614341690708471	0.4385658309291618
0.5614341690708471	0.4385658309291618
0.4488581079830861	0.5511418920169234
0.5614341690708471	0.4385658309291618
0.4385658309291739	0.5614341690708348
0.5614341690708471	0.4385658309291618
0.5614341690708471	0.4385658309291618
0.5614341690708471	0.4385658309291618
0.5614341690708471	0.4385658309291618
0.5614341690708471	0.4385658309291618
0.5614341690708471	0.4385658309291618
0.5614341690708471	0.4385658309291618
0.5614341690708471	0.4385658309291618
0.5614341690708471	0.4385658309291618
0.5614341690708471	0.4385658309291618
0.5614341690708471	0.4385658309291618
0.5614341690708471	0.4385658309291618
0.5614341690708471	0.4385658309291618
0.5614341690708471	0.4385658309291618
0.5614341690708471	0.4385658309291618
0.5614341690708471	0.4385658309291618
0.5614341690708471	0.4385658309291618
0.5614341690708471	0.4385658309291618
0.5614341690708471	0.4385658309291618
0.5614341690708471	0.4385658309291618
0.5614341690708471	0.4385658309291618
0.5614341690708471	0.4385658309291618
0.5614341690708471	0.4385658309291618
0.43895197168988764	0.5610480283101209
0.5614341690708471	0.4385658309291618
0.5614341690708471	0.4385658309291618
0.5614341690708471	0.4385658309291618
0.5614341690708471	0.4385658309291618
0.5614341690708471	0.4385658309291618
0.5614341690708471	0.4385658309291618
0.5614341690708471	0.4385658309291618
0.4385658309291739	0.5614341690708348
0.5614341690708471	0.4385658309291618
0.5614341690708471	0.4385658309291618
0.45264000218473677	0.5473599978152723
0.5614341690708471	0.4385658309291618
0.5614341690708471	0.4385658309291618
0.5614341690708471	0.4385658309291618
0.5614341690708471	0.4385658309291618
0.5614341690708471	0.4385658309291618
0.5614341690708471	0.4385658309291618
0.5614341690708471	0.4385658309291618
0.5614341690708471	0.4385658309291618
0.445189061700646	0.5548109382993633
0.5614341690708471	0.4385658309291618
0.5614341690708471	0.4385658309291618
0.5614341690708471	0.4385658309291618
0.5614341690708471	0.4385658309291618
0.5614341690708471	0.4385658309291618
0.5614341690708471	0.4385658309291618
0.5614341690708471	0.4385658309291618
0.5614341690708471	0.4385658309291618
0.5614341690708471	0.4385658309291618
0.5614341690708471	0.4385658309291618
0.5614341690708471	0.4385658309291618
0.4616289172011879	0.5383710827988205
0.5614341690708471	0.4385658309291618
0.5614341690708471	0.4385658309291618
0.5614341690708471	0.4385658309291618
0.5614341690708471	0.4385658309291618
0.4561652592190936	0.5438347407809156
0.5614341690708471	0.4385658309291618
0.5614341690708471	0.4385658309291618
0.5614341690708471	0.4385658309291618
0.5614341690708471	0.4385658309291618
0.5614341690708471	0.4385658309291618
0.5614341690708471	0.4385658309291618
0.5614341690708471	0.4385658309291618
0.5614341690708471	0.4385658309291618
0.5614341690708471	0.4385658309291618
0.5614341690708471	0.4385658309291618
0.5614341690708471	0.4385658309291618
0.5614341690708471	0.4385658309291618
0.5614341690708471	0.4385658309291618
0.5614341690708471	0.4385658309291618
0.5614341690708471	0.4385658309291618
0.5614341690708471	0.4385658309291618
0.5614341690708471	0.4385658309291618
0.5614341690708471	0.4385658309291618
0.5614341690708471	0.4385658309291618
0.5614341690708471	0.4385658309291618
0.5614341690708471	0.4385658309291618
0.5614341690708471	0.4385658309291618
0.5614341690708471	0.4385658309291618
0.5614341690708471	0.4385658309291618
0.5614341690708471	0.4385658309291618
0.5614341690708471	0.4385658309291618
0.5614341690708471	0.4385658309291618
0.5614341690708471	0.4385658309291618
0.5614341690708471	0.4385658309291618
0.5614341690708471	0.4385658309291618
0.5614341690708471	0.4385658309291618
0.5614341690708471	0.4385658309291618
0.5614341690708471	0.4385658309291618
0.5614341690708471	0.4385658309291618
0.5614341690708471	0.4385658309291618
0.5614341690708471	0.4385658309291618
0.5614341690708471	0.4385658309291618
0.5614341690708471	0.4385658309291618
0.5614341690708471	0.4385658309291618
0.5614341690708471	0.4385658309291618
0.5614341690708471	0.4385658309291618
0.5614341690708471	0.4385658309291618
0.5614341690708471	0.4385658309291618
0.5614341690708471	0.4385658309291618
0.5614341690708471	0.4385658309291618
0.5614341690708471	0.4385658309291618
0.5614341690708471	0.4385658309291618
0.5614341690708471	0.4385658309291618
0.5614341690708471	0.4385658309291618
0.5614341690708471	0.4385658309291618
0.5614341690708471	0.4385658309291618
0.5614341690708471	0.4385658309291618
0.5614341690708471	0.4385658309291618
0.44698598043350923	0.5530140195664989
0.5614341690708471	0.4385658309291618
0.5614341690708471	0.4385658309291618
0.5614341690708471	0.4385658309291618
0.5614341690708471	0.4385658309291618
0.5614341690708471	0.4385658309291618
0.5614341690708471	0.4385658309291618
0.5614341690708471	0.4385658309291618
0.45772215783396725	0.5422778421660415
0.5614341690708471	0.4385658309291618
0.5614341690708471	0.4385658309291618
0.5614341690708471	0.4385658309291618
0.5614341690708471	0.4385658309291618
0.5614341690708471	0.4385658309291618
0.5614341690708471	0.4385658309291618
0.443514288304789	0.5564857116952202
0.5614341690708471	0.4385658309291618
0.5614341690708471	0.4385658309291618
0.4407160630895646	0.5592839369104443
0.5614341690708471	0.4385658309291618
0.44200808207603465	0.5579919179239741
0.4561652592190936	0.5438347407809156
0.5614341690708471	0.4385658309291618
0.5614341690708471	0.4385658309291618
0.5614341690708471	0.4385658309291618
0.5614341690708471	0.4385658309291618
0.5614341690708471	0.4385658309291618
0.5614341690708471	0.4385658309291618
0.5614341690708471	0.4385658309291618
0.5614341690708471	0.4385658309291618
0.5614341690708471	0.4385658309291618
0.5614341690708471	0.4385658309291618
0.5481276086977578	0.4518723913022513
0.5614341690708471	0.4385658309291618
0.5614341690708471	0.4385658309291618
0.5614341690708471	0.4385658309291618
0.5614341690708471	0.4385658309291618
0.5614341690708471	0.4385658309291618
0.5614341690708471	0.4385658309291618
0.5614341690708471	0.4385658309291618
0.5614341690708471	0.4385658309291618
0.5614341690708471	0.4385658309291618
0.5614341690708471	0.4385658309291618
0.5614341690708471	0.4385658309291618
0.5614341690708471	0.4385658309291618
0.43895197168988764	0.5610480283101209
0.5614341690708471	0.4385658309291618
0.445189061700646	0.5548109382993633
0.5614341690708471	0.4385658309291618
0.5614341690708471	0.4385658309291618
0.5614341690708471	0.4385658309291618
0.5614341690708471	0.4385658309291618
0.5614341690708471	0.4385658309291618
0.5614341690708471	0.4385658309291618
0.5614341690708471	0.4385658309291618
0.5614341690708471	0.4385658309291618
0.5614341690708471	0.4385658309291618
0.5614341690708471	0.4385658309291618
0.5614341690708471	0.4385658309291618
0.5614341690708471	0.4385658309291618
0.5614341690708471	0.4385658309291618
0.5614341690708471	0.4385658309291618
0.5614341690708471	0.4385658309291618
0.5614341690708471	0.4385658309291618
0.5614341690708471	0.4385658309291618
0.5614341690708471	0.4385658309291618
0.43968285300517873	0.5603171469948296
0.5614341690708471	0.4385658309291618
0.5614341690708471	0.4385658309291618
0.5614341690708471	0.4385658309291618
0.4385658309291739	0.5614341690708348
0.5614341690708471	0.4385658309291618
0.5614341690708471	0.4385658309291618
0.5614341690708471	0.4385658309291618
0.5614341690708471	0.4385658309291618
0.43895197168988764	0.5610480283101209
0.5614341690708471	0.4385658309291618
0.5614341690708471	0.4385658309291618
0.5614341690708471	0.4385658309291618
0.5614341690708471	0.4385658309291618
0.5614341690708471	0.4385658309291618
0.5614341690708471	0.4385658309291618
0.44698598043350923	0.5530140195664989
0.443514288304789	0.5564857116952202
0.5614341690708471	0.4385658309291618
0.5614341690708471	0.4385658309291618
0.5614341690708471	0.4385658309291618
0.5614341690708471	0.4385658309291618
0.5614341690708471	0.4385658309291618
0.5614341690708471	0.4385658309291618
0.45445711032969555	0.5455428896703141
0.5614341690708471	0.4385658309291618
0.5614341690708471	0.4385658309291618
0.5614341690708471	0.4385658309291618
0.5614341690708471	0.4385658309291618
0.5614341690708471	0.4385658309291618
0.5614341690708471	0.4385658309291618
0.5614341690708471	0.4385658309291618
0.5614341690708471	0.4385658309291618
0.5614341690708471	0.4385658309291618
0.5614341690708471	0.4385658309291618
0.5614341690708471	0.4385658309291618
0.5614341690708471	0.4385658309291618
0.5614341690708471	0.4385658309291618
0.5614341690708471	0.4385658309291618
0.5614341690708471	0.4385658309291618
0.5614341690708471	0.4385658309291618
0.4488581079830861	0.5511418920169234
0.43895197168988764	0.5610480283101209
0.5614341690708471	0.4385658309291618
0.5614341690708471	0.4385658309291618
0.5614341690708471	0.4385658309291618
0.5614341690708471	0.4385658309291618
0.5614341690708471	0.4385658309291618
0.5614341690708471	0.4385658309291618
0.5614341690708471	0.4385658309291618
0.5614341690708471	0.4385658309291618
0.5614341690708471	0.4385658309291618
0.5614341690708471	0.4385658309291618
0.5614341690708471	0.4385658309291618
0.5614341690708471	0.4385658309291618
