0.5263407252158103	0.4736592747841993
0.5263407252158103	0.4736592747841993
0.5263407252158103	0.4736592747841993
0.5263407252158103	0.4736592747841993
0.5263407252158103	0.4736592747841993
0.5263407252158103	0.4736592747841993
0.5263407252158103	0.4736592747841993
0.5263407252158103	0.4736592747841993
0.5263407252158103	0.4736592747841993
0.5263407252158103	0.4736592747841993
0.5263407252158103	0.4736592747841993
0.5263407252158103	0.4736592747841993
0.5263407252158103	0.4736592747841993
0.4760279621211521	0.5239720378788575
0.5263407252158103	0.4736592747841993
0.5263407252158103	0.4736592747841993
0.4736592747842021	0.5263407252158077
0.5263407252158103	0.4736592747841993
0.5263407252158103	0.4736592747841993
0.5263407252158103	0.4736592747841993
0.5263407252158103	0.4736592747841993
0.5263407252158103	0.4736592747841993
0.5263407252158103	0.4736592747841993
0.5263407252158103	0.4736592747841993
0.4748883723024507	0.5251116276975588
0.5263407252158103	0.4736592747841993
0.5263407252158103	0.4736592747841993
0.5263407252158103	0.4736592747841993
0.5263407252158103	0.4736592747841993
0.5263407252158103	0.4736592747841993
0.4774593289165434	0.5225406710834657
0.5263407252158103	0.4736592747841993
0.5263407252158103	0.4736592747841993
0.5263407252158103	0.4736592747841993
0.5263407252158103	0.4736592747841993
0.5263407252158103	0.4736592747841993
0.5263407252158103	0.4736592747841993
0.5263407252158103	0.4736592747841993
0.48102110305459145	0.5189788969454181
0.5263407252158103	0.4736592747841993
0.5263407252158103	0.4736592747841993
0.5263407252158103	0.4736592747841993
0.5263407252158103	0.4736592747841993
0.5263407252158103	0.4736592747841993
0.5263407252158103	0.4736592747841993
0.5263407252158103	0.4736592747841993
0.4748883723024507	0.5251116276975588
0.4736592747842021	0.5263407252158077
0.5263407252158103	0.4736592747841993
0.5263407252158103	0.4736592747841993
0.5263407252158103	0.4736592747841993
0.5263407252158103	0.4736592747841993
0.5263407252158103	0.4736592747841993
0.5263407252158103	0.4736592747841993
0.5263407252158103	0.4736592747841993
0.5022588455057828	0.497741154494227
0.5263407252158103	0.4736592747841993
0.5185532666025967	0.4814467333974123
0.5263407252158103	0.4736592747841993
0.5263407252158103	0.4736592747841993
0.5263407252158103	0.4736592747841993
0.4830621304894586	0.5169378695105508
0.5263407252158103	0.4736592747841993
0.4760279621211521	0.5239720378788575
0.5263407252158103	0.4736592747841993
0.5031379452516082	0.4968620547484034
0.5263407252158103	0.4736592747841993
0.5263407252158103	0.4736592747841993
0.5263407252158103	0.4736592747841993
0.5263407252158103	0.4736592747841993
0.5263407252158103	0.4736592747841993
0.47408423733041666	0.525915762669593
0.5263407252158103	0.4736592747841993
0.4874372955364422	0.5125627044635683
0.5263407252158103	0.4736592747841993
0.5263407252158103	0.4736592747841993
0.5263407252158103	0.4736592747841993
0.5263407252158103	0.4736592747841993
0.5263407252158103	0.4736592747841993
0.5263407252158103	0.4736592747841993
0.4736592747842021	0.5263407252158077
0.5022588455057828	0.497741154494227
0.5263407252158103	0.4736592747841993
0.5263407252158103	0.4736592747841993
0.5263407252158103	0.4736592747841993
0.5263407252158103	0.4736592747841993
0.5263407252158103	0.4736592747841993
0.5263407252158103	0.4736592747841993
0.5263407252158103	0.4736592747841993
0.5263407252158103	0.4736592747841993
0.5263407252158103	0.4736592747841993
0.5263407252158103	0.4736592747841993
0.5263407252158103	0.4736592747841993
0.5263407252158103	0.4736592747841993
0.5263407252158103	0.4736592747841993
0.5263407252158103	0.4736592747841993
0.4736592747842021	0.5263407252158077
0.5263407252158103	0.4736592747841993
0.5263407252158103	0.4736592747841993
0.5263407252158103	0.4736592747841993
0.5263407252158103	0.4736592747841993
0.5263407252158103	0.4736592747841993
0.5263407252158103	0.4736592747841993
0.5263407252158103	0.4736592747841993
0.5263407252158103	0.4736592747841993
0.5263407252158103	0.4736592747841993
0.5263407252158103	0.4736592747841993
0.5263407252158103	0.4736592747841993
0.5263407252158103	0.4736592747841993
0.5263407252158103	0.4736592747841993
0.5263407252158103	0.4736592747841993
0.5263407252158103	0.4736592747841993
0.4760279621211521	0.5239720378788575
0.5263407252158103	0.4736592747841993
0.5263407252158103	0.4736592747841993
0.5263407252158103	0.4736592747841993
0.5263407252158103	0.4736592747841993
0.4791385164452183	0.5208614835547904
0.5263407252158103	0.4736592747841993
0.5263407252158103	0.4736592747841993
0.5263407252158103	0.4736592747841993
0.5263407252158103	0.4736592747841993
0.5263407252158103	0.4736592747841993
0.5263407252158103	0.4736592747841993
0.5263407252158103	0.4736592747841993
0.4748883723024507	0.5251116276975588
0.5263407252158103	0.4736592747841993
0.5263407252158103	0.4736592747841993
0.5263407252158103	0.4736592747841993
0.5263407252158103	0.4736592747841993
0.5263407252158103	0.4736592747841993
0.5263407252158103	0.4736592747841993
0.4736592747842021	0.5263407252158077
0.4960789426986323	0.5039210573013776
0.5263407252158103	0.4736592747841993
0.5263407252158103	0.4736592747841993
0.5263407252158103	0.4736592747841993
0.5263407252158103	0.4736592747841993
0.5036945081568325	0.4963054918431783
0.5263407252158103	0.4736592747841993
0.5263407252158103	0.4736592747841993
0.5263407252158103	0.4736592747841993
0.5263407252158103	0.4736592747841993
0.5010817240742268	0.4989182759257829
0.5263407252158103	0.4736592747841993
0.5263407252158103	0.4736592747841993
0.5263407252158103	0.4736592747841993
0.5263407252158103	0.4736592747841993
0.5263407252158103	0.4736592747841993
0.5263407252158103	0.4736592747841993
0.5263407252158103	0.4736592747841993
0.5263407252158103	0.4736592747841993
0.5263407252158103	0.4736592747841993
0.5263407252158103	0.4736592747841993
0.5263407252158103	0.4736592747841993
0.4830621304894586	0.5169378695105508
0.4874372955364422	0.5125627044635683
0.5263407252158103	0.4736592747841993
0.5031379452516082	0.4968620547484034
0.5263407252158103	0.4736592747841993
0.5263407252158103	0.4736592747841993
0.5263407252158103	0.4736592747841993
0.5263407252158103	0.4736592747841993
0.5263407252158103	0.4736592747841993
0.5263407252158103	0.4736592747841993
0.5263407252158103	0.4736592747841993
0.5263407252158103	0.4736592747841993
0.5263407252158103	0.4736592747841993
0.5263407252158103	0.4736592747841993
0.5263407252158103	0.4736592747841993
0.5263407252158103	0.4736592747841993
0.5263407252158103	0.4736592747841993
0.5263407252158103	0.4736592747841993
0.5263407252158103	0.4736592747841993
0.5263407252158103	0.4736592747841993
0.5263407252158103	0.4736592747841993
0.5263407252158103	0.4736592747841993
0.5263407252158103	0.4736592747841993
0.5263407252158103	0.4736592747841993
0.5263407252158103	0.4736592747841993
0.5263407252158103	0.4736592747841993
0.5263407252158103	0.4736592747841993
0.5263407252158103	0.4736592747841993
0.5263407252158103	0.4736592747841993
0.47408423733041666	0.525915762669593
0.5263407252158103	0.4736592747841993
0.5263407252158103	0.4736592747841993
0.49795606896242733	0.5020439310375837
0.5263407252158103	0.4736592747841993
0.5263407252158103	0.4736592747841993
0.5263407252158103	0.4736592747841993
0.5263407252158103	0.4736592747841993
0.5263407252158103	0.4736592747841993
0.5263407252158103	0.4736592747841993
0.5263407252158103	0.4736592747841993
0.4918973299617947	0.5081026700382156
0.5263407252158103	0.4736592747841993
0.5263407252158103	0.4736592747841993
0.5263407252158103	0.4736592747841993
0.5263407252158103	0.4736592747841993
0.5263407252158103	0.4736592747841993
0.5263407252158103	0.4736592747841993
0.5263407252158103	0.4736592747841993
0.4918973299617947	0.5081026700382156
0.5263407252158103	0.4736592747841993
0.5039098106762342	0.49609018932377613
0.5263407252158103	0.4736592747841993
0.5263407252158103	0.4736592747841993
0.5263407252158103	0.4736592747841993
0.5263407252158103	0.4736592747841993
0.5263407252158103	0.4736592747841993
0.5263407252158103	0.4736592747841993
0.5263407252158103	0.4736592747841993
0.5263407252158103	0.4736592747841993
0.5263407252158103	0.4736592747841993
0.5263407252158103	0.4736592747841993
0.5263407252158103	0.4736592747841993
0.4774593289165434	0.5225406710834657
0.5263407252158103	0.4736592747841993
0.5263407252158103	0.4736592747841993
0.5263407252158103	0.4736592747841993
0.5263407252158103	0.4736592747841993
0.5263407252158103	0.4736592747841993
0.5263407252158103	0.4736592747841993
0.5263407252158103	0.4736592747841993
0.5263407252158103	0.4736592747841993
0.5263407252158103	0.4736592747841993
0.5263407252158103	0.4736592747841993
0.47408423733041666	0.525915762669593
0.5263407252158103	0.4736592747841993
0.5263407252158103	0.4736592747841993
0.5263407252158103	0.4736592747841993
0.4774593289165434	0.5225406710834657
0.5263407252158103	0.4736592747841993
0.4774593289165434	0.5225406710834657
0.5263407252158103	0.4736592747841993
0.5263407252158103	0.4736592747841993
0.5263407252158103	0.4736592747841993
0.5263407252158103	0.4736592747841993
0.5263407252158103	0.4736592747841993
0.5263407252158103	0.4736592747841993
0.5263407252158103	0.4736592747841993
0.5263407252158103	0.4736592747841993
0.5263407252158103	0.4736592747841993
0.4748883723024507	0.5251116276975588
0.5263407252158103	0.4736592747841993
0.4918973299617947	0.5081026700382156
0.5263407252158103	0.4736592747841993
0.5263407252158103	0.4736592747841993
0.5263407252158103	0.4736592747841993
0.5263407252158103	0.4736592747841993
0.5263407252158103	0.4736592747841993
0.5263407252158103	0.4736592747841993
0.5263407252158103	0.4736592747841993
0.47408423733041666	0.525915762669593
0.4774593289165434	0.5225406710834657
0.5263407252158103	0.4736592747841993
0.4874372955364422	0.5125627044635683
0.5263407252158103	0.4736592747841993
0.5263407252158103	0.4736592747841993
0.5263407252158103	0.4736592747841993
0.5263407252158103	0.4736592747841993
0.5263407252158103	0.4736592747841993
0.5263407252158103	0.4736592747841993
0.5263407252158103	0.4736592747841993
0.5263407252158103	0.4736592747841993
0.4830621304894586	0.5169378695105508
0.5263407252158103	0.4736592747841993
0.5263407252158103	0.4736592747841993
0.5263407252158103	0.4736592747841993
0.5263407252158103	0.4736592747841993
0.5263407252158103	0.4736592747841993
0.5263407252158103	0.4736592747841993
0.5263407252158103	0.4736592747841993
0.5263407252158103	0.4736592747841993
0.5263407252158103	0.4736592747841993
0.5263407252158103	0.4736592747841993
0.5263407252158103	0.4736592747841993
0.5263407252158103	0.4736592747841993
0.5263407252158103	0.4736592747841993
0.5263407252158103	0.4736592747841993
0.4996361626093147	0.5003638373906947
0.5263407252158103	0.4736592747841993
0.49404516513251184	0.5059548348674976
0.5263407252158103	0.4736592747841993
0.5263407252158103	0.4736592747841993
0.48102110305459145	0.5189788969454181
0.5263407252158103	0.4736592747841993
0.5263407252158103	0.4736592747841993
0.5037716080788485	0.4962283919211593
0.4736592747842021	0.5263407252158077
0.4774593289165434	0.5225406710834657
0.5263407252158103	0.4736592747841993
0.5263407252158103	0.4736592747841993
0.5263407252158103	0.4736592747841993
0.5263407252158103	0.4736592747841993
0.5263407252158103	0.4736592747841993
0.5263407252158103	0.4736592747841993
0.5263407252158103	0.4736592747841993
0.5263407252158103	0.4736592747841993
0.5263407252158103	0.4736592747841993
0.5263407252158103	0.4736592747841993
0.5263407252158103	0.4736592747841993
0.5263407252158103	0.4736592747841993
0.5263407252158103	0.4736592747841993
0.4791385164452183	0.5208614835547904
0.5263407252158103	0.4736592747841993
0.5263407252158103	0.4736592747841993
0.5263407252158103	0.4736592747841993
0.5263407252158103	0.4736592747841993
0.4830621304894586	0.5169378695105508
0.5263407252158103	0.4736592747841993
0.5263407252158103	0.4736592747841993
0.5263407252158103	0.4736592747841993
0.5263407252158103	0.4736592747841993
0.5263407252158103	0.4736592747841993
0.4748883723024507	0.5251116276975588
0.4874372955364422	0.5125627044635683
0.5263407252158103	0.4736592747841993
0.5263407252158103	0.4736592747841993
0.5263407252158103	0.4736592747841993
0.4791385164452183	0.5208614835547904
0.5263407252158103	0.4736592747841993
0.5263407252158103	0.4736592747841993
0.5263407252158103	0.4736592747841993
0.5263407252158103	0.4736592747841993
0.5263407252158103	0.4736592747841993
0.4791385164452183	0.5208614835547904
0.4760279621211521	0.5239720378788575
0.5263407252158103	0.4736592747841993
0.48521613814027786	0.5147838618597322
0.5263407252158103	0.4736592747841993
0.5263407252158103	0.4736592747841993
0.5263407252158103	0.4736592747841993
0.5263407252158103	0.4736592747841993
0.47408423733041666	0.525915762669593
0.5263407252158103	0.4736592747841993
0.5263407252158103	0.4736592747841993
0.5263407252158103	0.4736592747841993
0.5263407252158103	0.4736592747841993
0.4918973299617947	0.5081026700382156
0.5263407252158103	0.4736592747841993
0.5263407252158103	0.4736592747841993
0.5263407252158103	0.4736592747841993
0.5263407252158103	0.4736592747841993
0.48521613814027786	0.5147838618597322
0.5263407252158103	0.4736592747841993
0.5263407252158103	0.4736592747841993
0.5263407252158103	0.4736592747841993
0.5263407252158103	0.4736592747841993
0.5263407252158103	0.4736592747841993
0.5263407252158103	0.4736592747841993
0.5263407252158103	0.4736592747841993
0.5263407252158103	0.4736592747841993
0.5263407252158103	0.4736592747841993
0.5263407252158103	0.4736592747841993
0.4736592747842021	0.5263407252158077
0.5263407252158103	0.4736592747841993
0.5263407252158103	0.4736592747841993
0.5263407252158103	0.4736592747841993
0.5263407252158103	0.4736592747841993
0.5263407252158103	0.4736592747841993
0.5263407252158103	0.4736592747841993
0.5263407252158103	0.4736592747841993
0.4960789426986323	0.5039210573013776
0.5263407252158103	0.4736592747841993
0.5263407252158103	0.4736592747841993
0.5263407252158103	0.4736592747841993
0.5263407252158103	0.4736592747841993
0.5263407252158103	0.4736592747841993
0.5263407252158103	0.4736592747841993
0.5263407252158103	0.4736592747841993
0.5263407252158103	0.4736592747841993
0.5263407252158103	0.4736592747841993
0.5263407252158103	0.4736592747841993
0.5263407252158103	0.4736592747841993
0.5263407252158103	0.4736592747841993
0.5263407252158103	0.4736592747841993
0.5263407252158103	0.4736592747841993
0.5263407252158103	0.4736592747841993
0.5263407252158103	0.4736592747841993
0.5263407252158103	0.4736592747841993
0.5263407252158103	0.4736592747841993
0.5263407252158103	0.4736592747841993
0.5263407252158103	0.4736592747841993
0.5263407252158103	0.4736592747841993
0.5263407252158103	0.4736592747841993
0.5263407252158103	0.4736592747841993
0.5263407252158103	0.4736592747841993
0.5022588455057828	0.497741154494227
0.5263407252158103	0.4736592747841993
0.4736592747842021	0.5263407252158077
0.48521613814027786	0.5147838618597322
0.5263407252158103	0.4736592747841993
0.5263407252158103	0.4736592747841993
0.5263407252158103	0.4736592747841993
0.5263407252158103	0.4736592747841993
0.5263407252158103	0.4736592747841993
0.5263407252158103	0.4736592747841993
0.4874372955364422	0.5125627044635683
0.5263407252158103	0.4736592747841993
0.5263407252158103	0.4736592747841993
0.5263407252158103	0.4736592747841993
0.5263407252158103	0.4736592747841993
0.5263407252158103	0.4736592747841993
0.5263407252158103	0.4736592747841993
0.5263407252158103	0.4736592747841993
0.5263407252158103	0.4736592747841993
0.5263407252158103	0.4736592747841993
0.5263407252158103	0.4736592747841993
0.5263407252158103	0.4736592747841993
0.5263407252158103	0.4736592747841993
0.5263407252158103	0.4736592747841993
0.5263407252158103	0.4736592747841993
0.5263407252158103	0.4736592747841993
0.5263407252158103	0.4736592747841993
0.5263407252158103	0.4736592747841993
0.5263407252158103	0.4736592747841993
0.5263407252158103	0.4736592747841993
0.4736592747842021	0.5263407252158077
0.5263407252158103	0.4736592747841993
0.5263407252158103	0.4736592747841993
0.5263407252158103	0.4736592747841993
0.5263407252158103	0.4736592747841993
0.5010817240742268	0.4989182759257829
0.47408423733041666	0.525915762669593
0.5263407252158103	0.4736592747841993
0.5263407252158103	0.4736592747841993
0.503274760086032	0.4967252399139763
0.5263407252158103	0.4736592747841993
0.5263407252158103	0.4736592747841993
0.5263407252158103	0.4736592747841993
0.5263407252158103	0.4736592747841993
0.4736592747842021	0.5263407252158077
0.5263407252158103	0.4736592747841993
0.5263407252158103	0.4736592747841993
0.5263407252158103	0.4736592747841993
0.5263407252158103	0.4736592747841993
0.5263407252158103	0.4736592747841993
0.5263407252158103	0.4736592747841993
0.5263407252158103	0.4736592747841993
0.4760279621211521	0.5239720378788575
0.5263407252158103	0.4736592747841993
0.4736592747842021	0.5263407252158077
0.5263407252158103	0.4736592747841993
0.5263407252158103	0.4736592747841993
0.5263407252158103	0.4736592747841993
0.4760279621211521	0.5239720378788575
0.5263407252158103	0.4736592747841993
0.47408423733041666	0.525915762669593
0.5263407252158103	0.4736592747841993
0.5263407252158103	0.4736592747841993
0.5263407252158103	0.4736592747841993
0.5263407252158103	0.4736592747841993
0.5263407252158103	0.4736592747841993
0.5263407252158103	0.4736592747841993
0.5263407252158103	0.4736592747841993
0.5263407252158103	0.4736592747841993
0.5263407252158103	0.4736592747841993
0.5263407252158103	0.4736592747841993
0.5263407252158103	0.4736592747841993
0.5263407252158103	0.4736592747841993
0.5263407252158103	0.4736592747841993
0.5263407252158103	0.4736592747841993
0.5263407252158103	0.4736592747841993
0.4760279621211521	0.5239720378788575
0.5263407252158103	0.4736592747841993
0.5263407252158103	0.4736592747841993
0.5263407252158103	0.4736592747841993
0.5263407252158103	0.4736592747841993
0.5263407252158103	0.4736592747841993
0.5263407252158103	0.4736592747841993
0.5263407252158103	0.4736592747841993
0.5263407252158103	0.4736592747841993
0.5263407252158103	0.4736592747841993
0.5263407252158103	0.4736592747841993
0.5263407252158103	0.4736592747841993
0.5263407252158103	0.4736592747841993
0.5263407252158103	0.4736592747841993
0.5263407252158103	0.4736592747841993
0.5263407252158103	0.4736592747841993
0.5263407252158103	0.4736592747841993
0.5263407252158103	0.4736592747841993
0.5263407252158103	0.4736592747841993
0.5263407252158103	0.4736592747841993
0.5263407252158103	0.4736592747841993
0.5263407252158103	0.4736592747841993
0.5263407252158103	0.4736592747841993
0.5263407252158103	0.4736592747841993
0.5263407252158103	0.4736592747841993
0.5263407252158103	0.4736592747841993
0.5263407252158103	0.4736592747841993
0.5263407252158103	0.4736592747841993
0.5263407252158103	0.4736592747841993
0.5263407252158103	0.4736592747841993
0.5263407252158103	0.4736592747841993
0.4774593289165434	0.5225406710834657
0.5263407252158103	0.4736592747841993
0.5263407252158103	0.4736592747841993
0.5263407252158103	0.4736592747841993
0.5263407252158103	0.4736592747841993
0.5263407252158103	0.4736592747841993
0.5263407252158103	0.4736592747841993
0.5263407252158103	0.4736592747841993
0.5263407252158103	0.4736592747841993
0.5263407252158103	0.4736592747841993
0.5263407252158103	0.4736592747841993
0.5263407252158103	0.4736592747841993
0.5263407252158103	0.4736592747841993
0.5263407252158103	0.4736592747841993
0.5263407252158103	0.4736592747841993
0.5263407252158103	0.4736592747841993
0.5263407252158103	0.4736592747841993
0.5263407252158103	0.4736592747841993
0.5263407252158103	0.4736592747841993
0.5263407252158103	0.4736592747841993
0.5263407252158103	0.4736592747841993
0.5263407252158103	0.4736592747841993
0.5263407252158103	0.4736592747841993
0.5263407252158103	0.4736592747841993
0.5263407252158103	0.4736592747841993
0.5263407252158103	0.4736592747841993
0.5263407252158103	0.4736592747841993
0.5263407252158103	0.4736592747841993
0.5263407252158103	0.4736592747841993
0.5263407252158103	0.4736592747841993
0.5263407252158103	0.4736592747841993
0.5263407252158103	0.4736592747841993
0.5263407252158103	0.4736592747841993
0.5263407252158103	0.4736592747841993
0.5263407252158103	0.4736592747841993
0.5263407252158103	0.4736592747841993
0.5263407252158103	0.4736592747841993
0.5263407252158103	0.4736592747841993
0.5263407252158103	0.4736592747841993
0.5263407252158103	0.4736592747841993
0.5263407252158103	0.4736592747841993
0.4760279621211521	0.5239720378788575
0.5263407252158103	0.4736592747841993
0.5263407252158103	0.4736592747841993
0.5263407252158103	0.4736592747841993
0.5263407252158103	0.4736592747841993
0.5263407252158103	0.4736592747841993
0.5263407252158103	0.4736592747841993
0.5263407252158103	0.4736592747841993
0.5039098106762342	0.49609018932377613
0.5263407252158103	0.4736592747841993
0.47408423733041666	0.525915762669593
0.5263407252158103	0.4736592747841993
0.4774593289165434	0.5225406710834657
0.5263407252158103	0.4736592747841993
0.5263407252158103	0.4736592747841993
0.5263407252158103	0.4736592747841993
0.5263407252158103	0.4736592747841993
0.5263407252158103	0.4736592747841993
0.5263407252158103	0.4736592747841993
0.5239720378788547	0.47602796212115556
0.4748883723024507	0.5251116276975588
0.5263407252158103	0.4736592747841993
0.5263407252158103	0.4736592747841993
0.5263407252158103	0.4736592747841993
0.5263407252158103	0.4736592747841993
0.5263407252158103	0.4736592747841993
0.5263407252158103	0.4736592747841993
0.5263407252158103	0.4736592747841993
0.5263407252158103	0.4736592747841993
0.5263407252158103	0.4736592747841993
0.5263407252158103	0.4736592747841993
0.5263407252158103	0.4736592747841993
0.5263407252158103	0.4736592747841993
0.5263407252158103	0.4736592747841993
0.5263407252158103	0.4736592747841993
0.5263407252158103	0.4736592747841993
0.5263407252158103	0.4736592747841993
0.5263407252158103	0.4736592747841993
0.5263407252158103	0.4736592747841993
0.5263407252158103	0.4736592747841993
0.5263407252158103	0.4736592747841993
0.5263407252158103	0.4736592747841993
0.5263407252158103	0.4736592747841993
0.5263407252158103	0.4736592747841993
0.5263407252158103	0.4736592747841993
0.5263407252158103	0.4736592747841993
0.5263407252158103	0.4736592747841993
0.4774593289165434	0.5225406710834657
0.5263407252158103	0.4736592747841993
0.5263407252158103	0.4736592747841993
0.5263407252158103	0.4736592747841993
0.5263407252158103	0.4736592747841993
0.5263407252158103	0.4736592747841993
0.4736592747842021	0.5263407252158077
0.5263407252158103	0.4736592747841993
0.4774593289165434	0.5225406710834657
0.5263407252158103	0.4736592747841993
0.5263407252158103	0.4736592747841993
0.5263407252158103	0.4736592747841993
0.5263407252158103	0.4736592747841993
0.5263407252158103	0.4736592747841993
0.5263407252158103	0.4736592747841993
0.4918973299617947	0.5081026700382156
0.5263407252158103	0.4736592747841993
0.49969808201512417	0.500301917984886
0.5263407252158103	0.4736592747841993
0.5263407252158103	0.4736592747841993
0.5263407252158103	0.4736592747841993
0.5263407252158103	0.4736592747841993
0.5263407252158103	0.4736592747841993
0.5263407252158103	0.4736592747841993
0.4748883723024507	0.5251116276975588
0.48521613814027786	0.5147838618597322
0.5263407252158103	0.4736592747841993
0.47408423733041666	0.525915762669593
0.5263407252158103	0.4736592747841993
0.5263407252158103	0.4736592747841993
0.5003346339121614	0.4996653660878477
0.5263407252158103	0.4736592747841993
0.5263407252158103	0.4736592747841993
0.4896796278338783	0.51032037216613
0.5263407252158103	0.4736592747841993
0.5263407252158103	0.4736592747841993
0.5263407252158103	0.4736592747841993
0.4791385164452183	0.5208614835547904
0.5263407252158103	0.4736592747841993
0.5263407252158103	0.4736592747841993
0.5263407252158103	0.4736592747841993
0.5263407252158103	0.4736592747841993
0.47408423733041666	0.525915762669593
0.5263407252158103	0.4736592747841993
0.5263407252158103	0.4736592747841993
0.5263407252158103	0.4736592747841993
0.5263407252158103	0.4736592747841993
0.5263407252158103	0.4736592747841993
0.5263407252158103	0.4736592747841993
0.5263407252158103	0.4736592747841993
0.5251109789434718	0.4748890210565381
0.5263407252158103	0.4736592747841993
0.5263407252158103	0.4736592747841993
0.5263407252158103	0.4736592747841993
0.5263407252158103	0.4736592747841993
0.5263407252158103	0.4736592747841993
0.5263407252158103	0.4736592747841993
0.5263407252158103	0.4736592747841993
0.47408423733041666	0.525915762669593
0.5263407252158103	0.4736592747841993
0.5263407252158103	0.4736592747841993
0.5263407252158103	0.4736592747841993
0.5263407252158103	0.4736592747841993
0.5263407252158103	0.4736592747841993
0.4918973299617947	0.5081026700382156
0.4736592747842021	0.5263407252158077
0.5263407252158103	0.4736592747841993
0.5263407252158103	0.4736592747841993
0.5263407252158103	0.4736592747841993
0.5263407252158103	0.4736592747841993
0.5263407252158103	0.4736592747841993
0.5263407252158103	0.4736592747841993
0.49404516513251184	0.5059548348674976
0.5263407252158103	0.4736592747841993
0.5263407252158103	0.4736592747841993
0.4760279621211521	0.5239720378788575
0.5263407252158103	0.4736592747841993
0.5263407252158103	0.4736592747841993
0.5263407252158103	0.4736592747841993
0.5263407252158103	0.4736592747841993
0.5263407252158103	0.4736592747841993
0.5263407252158103	0.4736592747841993
0.5263407252158103	0.4736592747841993
0.47408423733041666	0.525915762669593
0.48102110305459145	0.5189788969454181
0.5263407252158103	0.4736592747841993
0.5263407252158103	0.4736592747841993
0.5263407252158103	0.4736592747841993
0.5263407252158103	0.4736592747841993
0.5263407252158103	0.4736592747841993
0.5263407252158103	0.4736592747841993
0.48102110305459145	0.5189788969454181
0.5263407252158103	0.4736592747841993
0.5263407252158103	0.4736592747841993
0.5263407252158103	0.4736592747841993
0.49795606896242733	0.5020439310375837
0.5263407252158103	0.4736592747841993
0.5263407252158103	0.4736592747841993
0.4874372955364422	0.5125627044635683
0.5263407252158103	0.4736592747841993
0.5263407252158103	0.4736592747841993
0.4736592747842021	0.5263407252158077
0.5263407252158103	0.4736592747841993
0.5263407252158103	0.4736592747841993
0.5263407252158103	0.4736592747841993
0.5263407252158103	0.4736592747841993
0.5263407252158103	0.4736592747841993
0.5263407252158103	0.4736592747841993
0.5263407252158103	0.4736592747841993
0.5263407252158103	0.4736592747841993
0.5263407252158103	0.4736592747841993
0.5263407252158103	0.4736592747841993
0.5263407252158103	0.4736592747841993
0.5263407252158103	0.4736592747841993
0.5263407252158103	0.4736592747841993
0.5263407252158103	0.4736592747841993
0.5263407252158103	0.4736592747841993
0.5263407252158103	0.4736592747841993
0.5263407252158103	0.4736592747841993
0.4774593289165434	0.5225406710834657
0.5263407252158103	0.4736592747841993
0.49404516513251184	0.5059548348674976
0.5263407252158103	0.4736592747841993
0.5263407252158103	0.4736592747841993
0.5263407252158103	0.4736592747841993
0.5263407252158103	0.4736592747841993
0.5263407252158103	0.4736592747841993
0.5263407252158103	0.4736592747841993
0.4748883723024507	0.5251116276975588
0.4748883723024507	0.5251116276975588
0.5263407252158103	0.4736592747841993
0.5263407252158103	0.4736592747841993
0.5263407252158103	0.4736592747841993
0.5263407252158103	0.4736592747841993
0.5263407252158103	0.4736592747841993
0.5263407252158103	0.4736592747841993
0.5263407252158103	0.4736592747841993
0.5263407252158103	0.4736592747841993
0.5263407252158103	0.4736592747841993
0.5263407252158103	0.4736592747841993
0.5263407252158103	0.4736592747841993
0.5263407252158103	0.4736592747841993
0.5263407252158103	0.4736592747841993
0.5263407252158103	0.4736592747841993
0.5263407252158103	0.4736592747841993
0.5263407252158103	0.4736592747841993
0.5263407252158103	0.4736592747841993
0.4748883723024507	0.5251116276975588
0.5263407252158103	0.4736592747841993
0.5263407252158103	0.4736592747841993
0.5263407252158103	0.4736592747841993
0.4760279621211521	0.5239720378788575
0.5263407252158103	0.4736592747841993
0.5263407252158103	0.4736592747841993
0.5263407252158103	0.4736592747841993
0.5263407252158103	0.4736592747841993
0.5263407252158103	0.4736592747841993
0.5263407252158103	0.4736592747841993
0.5263407252158103	0.4736592747841993
0.5263407252158103	0.4736592747841993
0.5263407252158103	0.4736592747841993
0.5263407252158103	0.4736592747841993
0.48521613814027786	0.5147838618597322
0.5263407252158103	0.4736592747841993
0.5263407252158103	0.4736592747841993
0.5263407252158103	0.4736592747841993
0.5263407252158103	0.4736592747841993
0.5263407252158103	0.4736592747841993
0.5263407252158103	0.4736592747841993
0.5263407252158103	0.4736592747841993
0.5263407252158103	0.4736592747841993
0.5263407252158103	0.4736592747841993
0.4830621304894586	0.5169378695105508
0.5263407252158103	0.4736592747841993
0.5263407252158103	0.4736592747841993
0.4918973299617947	0.5081026700382156
0.5263407252158103	0.4736592747841993
0.5263407252158103	0.4736592747841993
0.5263407252158103	0.4736592747841993
0.5239720378788547	0.47602796212115556
0.5263407252158103	0.4736592747841993
0.5263407252158103	0.4736592747841993
0.5263407252158103	0.4736592747841993
0.5263407252158103	0.4736592747841993
0.5263407252158103	0.4736592747841993
0.5263407252158103	0.4736592747841993
0.4830621304894586	0.5169378695105508
0.5263407252158103	0.4736592747841993
0.5263407252158103	0.4736592747841993
0.48102110305459145	0.5189788969454181
0.5263407252158103	0.4736592747841993
0.5263407252158103	0.4736592747841993
0.5263407252158103	0.4736592747841993
0.5263407252158103	0.4736592747841993
0.5055081241210291	0.4944918758789804
0.5263407252158103	0.4736592747841993
0.5263407252158103	0.4736592747841993
0.5263407252158103	0.4736592747841993
0.5263407252158103	0.4736592747841993
0.5263407252158103	0.4736592747841993
0.5263407252158103	0.4736592747841993
0.5263407252158103	0.4736592747841993
0.5263407252158103	0.4736592747841993
0.5263407252158103	0.4736592747841993
0.5263407252158103	0.4736592747841993
0.5263407252158103	0.4736592747841993
0.5263407252158103	0.4736592747841993
0.5263407252158103	0.4736592747841993
0.5263407252158103	0.4736592747841993
0.5263407252158103	0.4736592747841993
0.5263407252158103	0.4736592747841993
0.5263407252158103	0.4736592747841993
0.4896796278338783	0.51032037216613
0.5263407252158103	0.4736592747841993
0.5263407252158103	0.4736592747841993
0.5263407252158103	0.4736592747841993
0.5263407252158103	0.4736592747841993
0.5263407252158103	0.4736592747841993
0.5263407252158103	0.4736592747841993
0.5263407252158103	0.4736592747841993
0.5263407252158103	0.4736592747841993
0.5263407252158103	0.4736592747841993
0.5263407252158103	0.4736592747841993
0.5263407252158103	0.4736592747841993
0.5263407252158103	0.4736592747841993
0.5263407252158103	0.4736592747841993
0.4774593289165434	0.5225406710834657
0.5263407252158103	0.4736592747841993
0.5263407252158103	0.4736592747841993
0.5263407252158103	0.4736592747841993
0.5263407252158103	0.4736592747841993
0.5263407252158103	0.4736592747841993
0.5263407252158103	0.4736592747841993
0.5263407252158103	0.4736592747841993
0.5263407252158103	0.4736592747841993
0.5263407252158103	0.4736592747841993
0.5263407252158103	0.4736592747841993
0.5263407252158103	0.4736592747841993
0.4736592747842021	0.5263407252158077
0.5263407252158103	0.4736592747841993
0.5263407252158103	0.4736592747841993
0.5263407252158103	0.4736592747841993
0.5263407252158103	0.4736592747841993
0.5263407252158103	0.4736592747841993
0.5263407252158103	0.4736592747841993
0.5263407252158103	0.4736592747841993
0.5263407252158103	0.4736592747841993
0.5263407252158103	0.4736592747841993
0.5263407252158103	0.4736592747841993
0.5263407252158103	0.4736592747841993
0.5263407252158103	0.4736592747841993
0.4830621304894586	0.5169378695105508
0.5263407252158103	0.4736592747841993
0.5263407252158103	0.4736592747841993
0.5263407252158103	0.4736592747841993
0.5263407252158103	0.4736592747841993
0.5263407252158103	0.4736592747841993
0.5263407252158103	0.4736592747841993
0.5263407252158103	0.4736592747841993
0.5263407252158103	0.4736592747841993
0.5263407252158103	0.4736592747841993
0.4760279621211521	0.5239720378788575
0.5263407252158103	0.4736592747841993
0.5263407252158103	0.4736592747841993
0.5263407252158103	0.4736592747841993
0.5263407252158103	0.4736592747841993
0.5263407252158103	0.4736592747841993
0.5263407252158103	0.4736592747841993
0.5263407252158103	0.4736592747841993
0.5263407252158103	0.4736592747841993
0.4774593289165434	0.5225406710834657
0.5263407252158103	0.4736592747841993
0.5263407252158103	0.4736592747841993
0.49404516513251184	0.5059548348674976
0.5251109789434718	0.4748890210565381
0.4918973299617947	0.5081026700382156
0.5263407252158103	0.4736592747841993
0.5263407252158103	0.4736592747841993
0.4748883723024507	0.5251116276975588
0.5263407252158103	0.4736592747841993
0.5263407252158103	0.4736592747841993
0.5263407252158103	0.4736592747841993
0.506214142721319	0.4937858572786905
0.5263407252158103	0.4736592747841993
0.5263407252158103	0.4736592747841993
0.5263407252158103	0.4736592747841993
0.5263407252158103	0.4736592747841993
0.5263407252158103	0.4736592747841993
0.5263407252158103	0.4736592747841993
0.5263407252158103	0.4736592747841993
0.5263407252158103	0.4736592747841993
0.5263407252158103	0.4736592747841993
0.5263407252158103	0.4736592747841993
0.5263407252158103	0.4736592747841993
0.4926507690387028	0.5073492309613064
0.5263407252158103	0.4736592747841993
0.5263407252158103	0.4736592747841993
0.5263407252158103	0.4736592747841993
0.5263407252158103	0.4736592747841993
0.5263407252158103	0.4736592747841993
0.5263407252158103	0.4736592747841993
0.5263407252158103	0.4736592747841993
0.5263407252158103	0.4736592747841993
0.5263407252158103	0.4736592747841993
0.5263407252158103	0.4736592747841993
0.5263407252158103	0.4736592747841993
0.48521613814027786	0.5147838618597322
0.5263407252158103	0.4736592747841993
0.5263407252158103	0.4736592747841993
0.5263407252158103	0.4736592747841993
0.5263407252158103	0.4736592747841993
0.5263407252158103	0.4736592747841993
0.5263407252158103	0.4736592747841993
0.5263407252158103	0.4736592747841993
0.5263407252158103	0.4736592747841993
0.4774593289165434	0.5225406710834657
0.5263407252158103	0.4736592747841993
0.5263407252158103	0.4736592747841993
0.5263407252158103	0.4736592747841993
0.47408423733041666	0.525915762669593
0.5263407252158103	0.4736592747841993
0.48102110305459145	0.5189788969454181
0.5263407252158103	0.4736592747841993
0.5263407252158103	0.4736592747841993
0.5263407252158103	0.4736592747841993
0.5263407252158103	0.4736592747841993
0.5263407252158103	0.4736592747841993
0.5263407252158103	0.4736592747841993
0.5263407252158103	0.4736592747841993
0.5263407252158103	0.4736592747841993
0.5263407252158103	0.4736592747841993
0.5263407252158103	0.4736592747841993
0.5263407252158103	0.4736592747841993
0.5263407252158103	0.4736592747841993
0.5263407252158103	0.4736592747841993
0.5263407252158103	0.4736592747841993
0.5263407252158103	0.4736592747841993
0.5263407252158103	0.4736592747841993
0.5263407252158103	0.4736592747841993
0.5263407252158103	0.4736592747841993
0.5263407252158103	0.4736592747841993
0.5263407252158103	0.4736592747841993
0.5263407252158103	0.4736592747841993
0.5263407252158103	0.4736592747841993
0.5263407252158103	0.4736592747841993
0.5263407252158103	0.4736592747841993
0.5263407252158103	0.4736592747841993
0.5263407252158103	0.4736592747841993
0.5263407252158103	0.4736592747841993
0.5263407252158103	0.4736592747841993
0.5259157626695898	0.4740842373304196
0.5263407252158103	0.4736592747841993
0.5263407252158103	0.4736592747841993
0.5263407252158103	0.4736592747841993
0.5263407252158103	0.4736592747841993
0.5263407252158103	0.4736592747841993
0.5263407252158103	0.4736592747841993
0.5263407252158103	0.4736592747841993
0.5263407252158103	0.4736592747841993
0.5189788969454148	0.481021103054595
0.5263407252158103	0.4736592747841993
0.5263407252158103	0.4736592747841993
0.5263407252158103	0.4736592747841993
0.4774593289165434	0.5225406710834657
0.5263407252158103	0.4736592747841993
0.5263407252158103	0.4736592747841993
0.5263407252158103	0.4736592747841993
0.5263407252158103	0.4736592747841993
0.5263407252158103	0.4736592747841993
0.5263407252158103	0.4736592747841993
0.5263407252158103	0.4736592747841993
0.5263407252158103	0.4736592747841993
0.47408423733041666	0.525915762669593
0.5263407252158103	0.4736592747841993
0.5263407252158103	0.4736592747841993
0.5263407252158103	0.4736592747841993
0.5263407252158103	0.4736592747841993
0.5263407252158103	0.4736592747841993
0.5263407252158103	0.4736592747841993
0.4760279621211521	0.5239720378788575
0.5263407252158103	0.4736592747841993
0.5263407252158103	0.4736592747841993
0.4736592747842021	0.5263407252158077
0.5263407252158103	0.4736592747841993
0.5263407252158103	0.4736592747841993
0.5263407252158103	0.4736592747841993
0.47408423733041666	0.525915762669593
0.5263407252158103	0.4736592747841993
0.5263407252158103	0.4736592747841993
0.5263407252158103	0.4736592747841993
0.4918973299617947	0.5081026700382156
0.5263407252158103	0.4736592747841993
0.5263407252158103	0.4736592747841993
0.5263407252158103	0.4736592747841993
0.5263407252158103	0.4736592747841993
0.5263407252158103	0.4736592747841993
0.5263407252158103	0.4736592747841993
0.5263407252158103	0.4736592747841993
0.48102110305459145	0.5189788969454181
0.5263407252158103	0.4736592747841993
0.5263407252158103	0.4736592747841993
0.5263407252158103	0.4736592747841993
0.5263407252158103	0.4736592747841993
0.5263407252158103	0.4736592747841993
0.5263407252158103	0.4736592747841993
0.5263407252158103	0.4736592747841993
0.5263407252158103	0.4736592747841993
0.5263407252158103	0.4736592747841993
0.4774593289165434	0.5225406710834657
0.5263407252158103	0.4736592747841993
0.5263407252158103	0.4736592747841993
0.5263407252158103	0.4736592747841993
0.5263407252158103	0.4736592747841993
0.5263407252158103	0.4736592747841993
0.5263407252158103	0.4736592747841993
0.5263407252158103	0.4736592747841993
