0.5447021607583977	0.45529783924161354
0.4570566004659394	0.5429433995340722
0.4570566004659394	0.5429433995340722
0.4570566004659394	0.5429433995340722
0.4570566004659394	0.5429433995340722
0.4570566004659394	0.5429433995340722
0.4570566004659394	0.5429433995340722
0.4570566004659394	0.5429433995340722
0.4570566004659394	0.5429433995340722
0.4570566004659394	0.5429433995340722
0.5589495403214497	0.44105045967856094
0.4570566004659394	0.5429433995340722
0.4570566004659394	0.5429433995340722
0.5447021607583977	0.45529783924161354
0.4570566004659394	0.5429433995340722
0.4570566004659394	0.5429433995340722
0.5447021607583977	0.45529783924161354
0.4570566004659394	0.5429433995340722
0.4570566004659394	0.5429433995340722
0.4570566004659394	0.5429433995340722
0.4570566004659394	0.5429433995340722
0.4570566004659394	0.5429433995340722
0.4570566004659394	0.5429433995340722
0.4570566004659394	0.5429433995340722
0.5559796956279395	0.4440203043720718
0.4570566004659394	0.5429433995340722
0.4570566004659394	0.5429433995340722
0.4570566004659394	0.5429433995340722
0.5715475079353403	0.4284524920646705
0.43258853079569176	0.5674114692043198
0.5429433995340758	0.45705660046593544
0.4570566004659394	0.5429433995340722
0.4570566004659394	0.5429433995340722
0.4570566004659394	0.5429433995340722
0.4570566004659394	0.5429433995340722
0.4570566004659394	0.5429433995340722
0.4570566004659394	0.5429433995340722
0.4570566004659394	0.5429433995340722
0.4570566004659394	0.5429433995340722
0.4570566004659394	0.5429433995340722
0.4570566004659394	0.5429433995340722
0.5447021607583977	0.45529783924161354
0.5531776358546757	0.44682236414533577
0.4570566004659394	0.5429433995340722
0.4570566004659394	0.5429433995340722
0.4570566004659394	0.5429433995340722
0.4570566004659394	0.5429433995340722
0.4570566004659394	0.5429433995340722
0.4570566004659394	0.5429433995340722
0.4570566004659394	0.5429433995340722
0.4570566004659394	0.5429433995340722
0.4570566004659394	0.5429433995340722
0.5429433995340758	0.45705660046593544
0.5912685119085508	0.40873148809146154
0.4570566004659394	0.5429433995340722
0.4570566004659394	0.5429433995340722
0.5462994655609174	0.45370053443909353
0.4570566004659394	0.5429433995340722
0.4570566004659394	0.5429433995340722
0.4570566004659394	0.5429433995340722
0.5435585001441591	0.45644149985585186
0.4570566004659394	0.5429433995340722
0.4570566004659394	0.5429433995340722
0.4570566004659394	0.5429433995340722
0.4570566004659394	0.5429433995340722
0.4570566004659394	0.5429433995340722
0.4570566004659394	0.5429433995340722
0.4570566004659394	0.5429433995340722
0.4570566004659394	0.5429433995340722
0.4570566004659394	0.5429433995340722
0.5589495403214497	0.44105045967856094
0.4570566004659394	0.5429433995340722
0.4570566004659394	0.5429433995340722
0.5589495403214497	0.44105045967856094
0.4570566004659394	0.5429433995340722
0.4570566004659394	0.5429433995340722
0.4570566004659394	0.5429433995340722
0.4570566004659394	0.5429433995340722
0.4570566004659394	0.5429433995340722
0.4570566004659394	0.5429433995340722
0.4570566004659394	0.5429433995340722
0.5928651498055733	0.40713485019444073
0.4570566004659394	0.5429433995340722
0.5429433995340758	0.45705660046593544
0.5927189031772335	0.4072810968227776
0.592014969405592	0.4079850305944185
0.4570566004659394	0.5429433995340722
0.5429433995340758	0.45705660046593544
0.40873148809145665	0.5912685119085557
0.4570566004659394	0.5429433995340722
0.4570566004659394	0.5429433995340722
0.4570566004659394	0.5429433995340722
0.4570566004659394	0.5429433995340722
0.5435585001441591	0.45644149985585186
0.4570566004659394	0.5429433995340722
0.5531776358546757	0.44682236414533577
0.4570566004659394	0.5429433995340722
0.4570566004659394	0.5429433995340722
0.4570566004659394	0.5429433995340722
0.4570566004659394	0.5429433995340722
0.4570566004659394	0.5429433995340722
0.4570566004659394	0.5429433995340722
0.5505953035806757	0.44940469641933545
0.4570566004659394	0.5429433995340722
0.4570566004659394	0.5429433995340722
0.5876272289327672	0.41237277106724457
0.4570566004659394	0.5429433995340722
0.4570566004659394	0.5429433995340722
0.4570566004659394	0.5429433995340722
0.4570566004659394	0.5429433995340722
0.4570566004659394	0.5429433995340722
0.4570566004659394	0.5429433995340722
0.4570566004659394	0.5429433995340722
0.4570566004659394	0.5429433995340722
0.4570566004659394	0.5429433995340722
0.4570566004659394	0.5429433995340722
0.4570566004659394	0.5429433995340722
0.5715475079353403	0.4284524920646705
0.4570566004659394	0.5429433995340722
0.4570566004659394	0.5429433995340722
0.4570566004659394	0.5429433995340722
0.4570566004659394	0.5429433995340722
0.4570566004659394	0.5429433995340722
0.5429433995340758	0.45705660046593544
0.4570566004659394	0.5429433995340722
0.4570566004659394	0.5429433995340722
0.436124641351637	0.5638753586483748
0.4570566004659394	0.5429433995340722
0.4570566004659394	0.5429433995340722
0.4570566004659394	0.5429433995340722
0.4570566004659394	0.5429433995340722
0.5429433995340758	0.45705660046593544
0.4570566004659394	0.5429433995340722
0.5715475079353403	0.4284524920646705
0.4570566004659394	0.5429433995340722
0.4570566004659394	0.5429433995340722
0.5776317608534396	0.42236823914657307
0.4570566004659394	0.5429433995340722
0.4570566004659394	0.5429433995340722
0.4570566004659394	0.5429433995340722
0.4570566004659394	0.5429433995340722
0.4570566004659394	0.5429433995340722
0.4570566004659394	0.5429433995340722
0.5429433995340758	0.45705660046593544
0.4570566004659394	0.5429433995340722
0.4570566004659394	0.5429433995340722
0.4570566004659394	0.5429433995340722
0.4570566004659394	0.5429433995340722
0.4570566004659394	0.5429433995340722
0.4570566004659394	0.5429433995340722
0.4570566004659394	0.5429433995340722
0.5462994655609174	0.45370053443909353
0.4570566004659394	0.5429433995340722
0.4570566004659394	0.5429433995340722
0.4570566004659394	0.5429433995340722
0.4570566004659394	0.5429433995340722
0.4570566004659394	0.5429433995340722
0.5429433995340758	0.45705660046593544
0.4570566004659394	0.5429433995340722
0.4570566004659394	0.5429433995340722
0.4570566004659394	0.5429433995340722
0.4570566004659394	0.5429433995340722
0.4570566004659394	0.5429433995340722
0.4570566004659394	0.5429433995340722
0.4570566004659394	0.5429433995340722
0.5447021607583977	0.45529783924161354
0.4570566004659394	0.5429433995340722
0.4570566004659394	0.5429433995340722
0.4570566004659394	0.5429433995340722
0.5505953035806757	0.44940469641933545
0.4570566004659394	0.5429433995340722
0.4570566004659394	0.5429433995340722
0.5462994655609174	0.45370053443909353
0.4570566004659394	0.5429433995340722
0.5746449806820962	0.4253550193179144
0.4570566004659394	0.5429433995340722
0.4570566004659394	0.5429433995340722
0.4570566004659394	0.5429433995340722
0.4570566004659394	0.5429433995340722
0.5435585001441591	0.45644149985585186
0.5589495403214497	0.44105045967856094
0.4570566004659394	0.5429433995340722
0.4570566004659394	0.5429433995340722
0.5589495403214497	0.44105045967856094
0.5429433995340758	0.45705660046593544
0.4570566004659394	0.5429433995340722
0.4570566004659394	0.5429433995340722
0.4570566004659394	0.5429433995340722
0.4570566004659394	0.5429433995340722
0.548283953489024	0.45171604651098757
0.4570566004659394	0.5429433995340722
0.4570566004659394	0.5429433995340722
0.4570566004659394	0.5429433995340722
0.4570566004659394	0.5429433995340722
0.5435585001441591	0.45644149985585186
0.4570566004659394	0.5429433995340722
0.4570566004659394	0.5429433995340722
0.4570566004659394	0.5429433995340722
0.4570566004659394	0.5429433995340722
0.4570566004659394	0.5429433995340722
0.4570566004659394	0.5429433995340722
0.4570566004659394	0.5429433995340722
0.4570566004659394	0.5429433995340722
0.4570566004659394	0.5429433995340722
0.5505953035806757	0.44940469641933545
0.4570566004659394	0.5429433995340722
0.4570566004659394	0.5429433995340722
0.4570566004659394	0.5429433995340722
0.5683836801347899	0.43161631986522064
0.548283953489024	0.45171604651098757
0.4570566004659394	0.5429433995340722
0.4570566004659394	0.5429433995340722
0.4570566004659394	0.5429433995340722
0.4570566004659394	0.5429433995340722
0.5429433995340758	0.45705660046593544
0.548283953489024	0.45171604651098757
0.4570566004659394	0.5429433995340722
0.4570566004659394	0.5429433995340722
0.4570566004659394	0.5429433995340722
0.4570566004659394	0.5429433995340722
0.4570566004659394	0.5429433995340722
0.4570566004659394	0.5429433995340722
0.548283953489024	0.45171604651098757
0.548283953489024	0.45171604651098757
0.4570566004659394	0.5429433995340722
0.5930069247867129	0.40699307521329836
0.5462994655609174	0.45370053443909353
0.4570566004659394	0.5429433995340722
0.4570566004659394	0.5429433995340722
0.4570566004659394	0.5429433995340722
0.4570566004659394	0.5429433995340722
0.4570566004659394	0.5429433995340722
0.43521865084759376	0.5647813491524173
0.4570566004659394	0.5429433995340722
0.4570566004659394	0.5429433995340722
0.562038394859722	0.43796160514028937
0.4570566004659394	0.5429433995340722
0.5429433995340758	0.45705660046593544
0.4570566004659394	0.5429433995340722
0.4570566004659394	0.5429433995340722
0.4570566004659394	0.5429433995340722
0.5831012679657108	0.4168987320342994
0.4570566004659394	0.5429433995340722
0.4570566004659394	0.5429433995340722
0.5559796956279395	0.4440203043720718
0.4570566004659394	0.5429433995340722
0.4570566004659394	0.5429433995340722
0.4570566004659394	0.5429433995340722
0.4570566004659394	0.5429433995340722
0.4570566004659394	0.5429433995340722
0.4570566004659394	0.5429433995340722
0.4570566004659394	0.5429433995340722
0.4570566004659394	0.5429433995340722
0.4570566004659394	0.5429433995340722
0.5462994655609174	0.45370053443909353
0.4570566004659394	0.5429433995340722
0.5559796956279395	0.4440203043720718
0.4570566004659394	0.5429433995340722
0.4570566004659394	0.5429433995340722
0.4570566004659394	0.5429433995340722
0.5462994655609174	0.45370053443909353
0.4570566004659394	0.5429433995340722
0.4195354689925578	0.5804645310074534
0.5462994655609174	0.45370053443909353
0.5429433995340758	0.45705660046593544
0.4570566004659394	0.5429433995340722
0.4570566004659394	0.5429433995340722
0.4570566004659394	0.5429433995340722
0.4570566004659394	0.5429433995340722
0.4570566004659394	0.5429433995340722
0.4570566004659394	0.5429433995340722
0.562038394859722	0.43796160514028937
0.4570566004659394	0.5429433995340722
0.4570566004659394	0.5429433995340722
0.5531776358546757	0.44682236414533577
0.5531776358546757	0.44682236414533577
0.4570566004659394	0.5429433995340722
0.4570566004659394	0.5429433995340722
0.4570566004659394	0.5429433995340722
0.4570566004659394	0.5429433995340722
0.4570566004659394	0.5429433995340722
0.4570566004659394	0.5429433995340722
0.4570566004659394	0.5429433995340722
0.4570566004659394	0.5429433995340722
0.5715475079353403	0.4284524920646705
0.585501598473392	0.41449840152662
0.4570566004659394	0.5429433995340722
0.5505953035806757	0.44940469641933545
0.5429433995340758	0.45705660046593544
0.4570566004659394	0.5429433995340722
0.4570566004659394	0.5429433995340722
0.4570566004659394	0.5429433995340722
0.4570566004659394	0.5429433995340722
0.5435585001441591	0.45644149985585186
0.4570566004659394	0.5429433995340722
0.4570566004659394	0.5429433995340722
0.5894424410179585	0.41055755898205276
0.4570566004659394	0.5429433995340722
0.4570566004659394	0.5429433995340722
0.4570566004659394	0.5429433995340722
0.4570566004659394	0.5429433995340722
0.4570566004659394	0.5429433995340722
0.4570566004659394	0.5429433995340722
0.4570566004659394	0.5429433995340722
0.4570566004659394	0.5429433995340722
0.4570566004659394	0.5429433995340722
0.4570566004659394	0.5429433995340722
0.4570566004659394	0.5429433995340722
0.4570566004659394	0.5429433995340722
0.4570566004659394	0.5429433995340722
0.4570566004659394	0.5429433995340722
0.4570566004659394	0.5429433995340722
0.4570566004659394	0.5429433995340722
0.5462994655609174	0.45370053443909353
0.4570566004659394	0.5429433995340722
0.4570566004659394	0.5429433995340722
0.4570566004659394	0.5429433995340722
0.4570566004659394	0.5429433995340722
0.4570566004659394	0.5429433995340722
0.5930069247867129	0.40699307521329836
0.4570566004659394	0.5429433995340722
0.4570566004659394	0.5429433995340722
0.4570566004659394	0.5429433995340722
0.4570566004659394	0.5429433995340722
0.4570566004659394	0.5429433995340722
0.4570566004659394	0.5429433995340722
0.5505953035806757	0.44940469641933545
0.5651986695365149	0.4348013304634958
0.5651986695365149	0.4348013304634958
0.4570566004659394	0.5429433995340722
0.4570566004659394	0.5429433995340722
0.592014969405592	0.4079850305944185
0.5776317608534396	0.42236823914657307
0.4570566004659394	0.5429433995340722
0.4570566004659394	0.5429433995340722
0.4570566004659394	0.5429433995340722
0.4570566004659394	0.5429433995340722
0.548283953489024	0.45171604651098757
0.5804645310074487	0.41953546899256305
0.4570566004659394	0.5429433995340722
0.4570566004659394	0.5429433995340722
0.4570566004659394	0.5429433995340722
0.40713485019443585	0.5928651498055779
0.548283953489024	0.45171604651098757
0.4570566004659394	0.5429433995340722
0.4570566004659394	0.5429433995340722
0.4570566004659394	0.5429433995340722
0.4570566004659394	0.5429433995340722
0.4570566004659394	0.5429433995340722
0.4570566004659394	0.5429433995340722
0.4570566004659394	0.5429433995340722
0.4570566004659394	0.5429433995340722
0.4570566004659394	0.5429433995340722
0.4570566004659394	0.5429433995340722
0.4570566004659394	0.5429433995340722
0.4570566004659394	0.5429433995340722
0.4570566004659394	0.5429433995340722
0.4570566004659394	0.5429433995340722
0.4570566004659394	0.5429433995340722
0.4570566004659394	0.5429433995340722
0.5505953035806757	0.44940469641933545
0.4570566004659394	0.5429433995340722
0.4570566004659394	0.5429433995340722
0.4570566004659394	0.5429433995340722
0.4570566004659394	0.5429433995340722
0.4570566004659394	0.5429433995340722
0.4570566004659394	0.5429433995340722
0.4570566004659394	0.5429433995340722
0.4570566004659394	0.5429433995340722
0.5447021607583977	0.45529783924161354
0.4570566004659394	0.5429433995340722
0.5505953035806757	0.44940469641933545
0.5776317608534396	0.42236823914657307
0.4570566004659394	0.5429433995340722
0.4570566004659394	0.5429433995340722
0.4570566004659394	0.5429433995340722
0.4570566004659394	0.5429433995340722
0.4570566004659394	0.5429433995340722
0.4570566004659394	0.5429433995340722
0.4570566004659394	0.5429433995340722
0.4570566004659394	0.5429433995340722
0.4570566004659394	0.5429433995340722
0.4570566004659394	0.5429433995340722
0.4570566004659394	0.5429433995340722
0.4570566004659394	0.5429433995340722
0.4570566004659394	0.5429433995340722
0.5435585001441591	0.45644149985585186
0.4444228641099296	0.5555771358900818
0.5505953035806757	0.44940469641933545
0.4570566004659394	0.5429433995340722
0.4570566004659394	0.5429433995340722
0.4570566004659394	0.5429433995340722
0.4570566004659394	0.5429433995340722
0.4570566004659394	0.5429433995340722
0.4570566004659394	0.5429433995340722
0.5683836801347899	0.43161631986522064
0.4570566004659394	0.5429433995340722
0.4570566004659394	0.5429433995340722
0.4570566004659394	0.5429433995340722
0.4570566004659394	0.5429433995340722
0.4570566004659394	0.5429433995340722
0.42277384665560386	0.5772261533444079
0.4570566004659394	0.5429433995340722
0.4570566004659394	0.5429433995340722
0.4570566004659394	0.5429433995340722
0.43480133046349084	0.5651986695365199
0.4570566004659394	0.5429433995340722
0.4570566004659394	0.5429433995340722
0.4570566004659394	0.5429433995340722
0.5429433995340758	0.45705660046593544
0.4570566004659394	0.5429433995340722
0.4570566004659394	0.5429433995340722
0.4570566004659394	0.5429433995340722
0.4570566004659394	0.5429433995340722
0.4570566004659394	0.5429433995340722
0.4570566004659394	0.5429433995340722
0.5559796956279395	0.4440203043720718
0.4570566004659394	0.5429433995340722
0.5435585001441591	0.45644149985585186
0.45370053443908925	0.5462994655609217
0.4570566004659394	0.5429433995340722
0.4570566004659394	0.5429433995340722
0.5462994655609174	0.45370053443909353
0.4570566004659394	0.5429433995340722
0.4570566004659394	0.5429433995340722
0.4570566004659394	0.5429433995340722
0.4570566004659394	0.5429433995340722
0.4570566004659394	0.5429433995340722
0.5589495403214497	0.44105045967856094
0.4570566004659394	0.5429433995340722
0.4570566004659394	0.5429433995340722
0.4570566004659394	0.5429433995340722
0.4570566004659394	0.5429433995340722
0.4570566004659394	0.5429433995340722
0.4570566004659394	0.5429433995340722
0.4570566004659394	0.5429433995340722
0.5651986695365149	0.4348013304634958
0.4570566004659394	0.5429433995340722
0.4570566004659394	0.5429433995340722
0.5435585001441591	0.45644149985585186
0.4570566004659394	0.5429433995340722
0.4570566004659394	0.5429433995340722
0.4570566004659394	0.5429433995340722
0.4570566004659394	0.5429433995340722
0.4570566004659394	0.5429433995340722
0.4570566004659394	0.5429433995340722
0.4570566004659394	0.5429433995340722
0.4570566004659394	0.5429433995340722
0.4570566004659394	0.5429433995340722
0.5429433995340758	0.45705660046593544
0.4570566004659394	0.5429433995340722
0.4444228641099296	0.5555771358900818
0.4570566004659394	0.5429433995340722
0.4570566004659394	0.5429433995340722
0.5435585001441591	0.45644149985585186
0.4570566004659394	0.5429433995340722
0.4570566004659394	0.5429433995340722
0.5876272289327672	0.41237277106724457
0.4570566004659394	0.5429433995340722
0.5505953035806757	0.44940469641933545
0.4570566004659394	0.5429433995340722
0.4570566004659394	0.5429433995340722
0.5531776358546757	0.44682236414533577
0.4570566004659394	0.5429433995340722
0.5505953035806757	0.44940469641933545
0.4570566004659394	0.5429433995340722
0.4570566004659394	0.5429433995340722
0.4570566004659394	0.5429433995340722
0.5589495403214497	0.44105045967856094
0.5589495403214497	0.44105045967856094
0.4570566004659394	0.5429433995340722
0.4570566004659394	0.5429433995340722
0.4570566004659394	0.5429433995340722
0.4570566004659394	0.5429433995340722
0.4570566004659394	0.5429433995340722
0.5505953035806757	0.44940469641933545
0.4570566004659394	0.5429433995340722
0.4570566004659394	0.5429433995340722
0.4570566004659394	0.5429433995340722
0.45086197983246473	0.5491380201675469
0.562038394859722	0.43796160514028937
0.4570566004659394	0.5429433995340722
0.4570566004659394	0.5429433995340722
0.5447021607583977	0.45529783924161354
0.4570566004659394	0.5429433995340722
0.4570566004659394	0.5429433995340722
0.4570566004659394	0.5429433995340722
0.4570566004659394	0.5429433995340722
0.5651986695365149	0.4348013304634958
0.5746449806820962	0.4253550193179144
0.4570566004659394	0.5429433995340722
0.4570566004659394	0.5429433995340722
0.4570566004659394	0.5429433995340722
0.4570566004659394	0.5429433995340722
0.4570566004659394	0.5429433995340722
0.4570566004659394	0.5429433995340722
0.5531776358546757	0.44682236414533577
0.4570566004659394	0.5429433995340722
0.5505953035806757	0.44940469641933545
0.4570566004659394	0.5429433995340722
0.4570566004659394	0.5429433995340722
0.4570566004659394	0.5429433995340722
0.4570566004659394	0.5429433995340722
0.4570566004659394	0.5429433995340722
0.4570566004659394	0.5429433995340722
0.4570566004659394	0.5429433995340722
0.4570566004659394	0.5429433995340722
0.5429433995340758	0.45705660046593544
0.4570566004659394	0.5429433995340722
0.4570566004659394	0.5429433995340722
0.4570566004659394	0.5429433995340722
0.5909146435817789	0.4090853564182336
0.4570566004659394	0.5429433995340722
0.4570566004659394	0.5429433995340722
0.4570566004659394	0.5429433995340722
0.5447021607583977	0.45529783924161354
0.4570566004659394	0.5429433995340722
0.4570566004659394	0.5429433995340722
0.5927189031772335	0.4072810968227776
0.4570566004659394	0.5429433995340722
0.4570566004659394	0.5429433995340722
0.4570566004659394	0.5429433995340722
0.562038394859722	0.43796160514028937
0.4570566004659394	0.5429433995340722
0.4570566004659394	0.5429433995340722
0.4570566004659394	0.5429433995340722
0.4570566004659394	0.5429433995340722
0.4570566004659394	0.5429433995340722
0.5531776358546757	0.44682236414533577
0.4570566004659394	0.5429433995340722
0.4570566004659394	0.5429433995340722
0.4570566004659394	0.5429433995340722
0.4570566004659394	0.5429433995340722
0.4570566004659394	0.5429433995340722
0.4570566004659394	0.5429433995340722
0.4570566004659394	0.5429433995340722
0.4570566004659394	0.5429433995340722
0.4570566004659394	0.5429433995340722
0.5462994655609174	0.45370053443909353
0.4570566004659394	0.5429433995340722
0.585501598473392	0.41449840152662
0.4570566004659394	0.5429433995340722
0.4570566004659394	0.5429433995340722
0.5776317608534396	0.42236823914657307
0.4570566004659394	0.5429433995340722
0.5531776358546757	0.44682236414533577
0.4570566004659394	0.5429433995340722
0.4570566004659394	0.5429433995340722
0.4570566004659394	0.5429433995340722
0.4570566004659394	0.5429433995340722
0.4570566004659394	0.5429433995340722
0.4570566004659394	0.5429433995340722
0.4570566004659394	0.5429433995340722
0.5435585001441591	0.45644149985585186
0.5429433995340758	0.45705660046593544
0.4570566004659394	0.5429433995340722
0.4414137643075941	0.5585862356924165
0.4570566004659394	0.5429433995340722
0.4570566004659394	0.5429433995340722
0.4570566004659394	0.5429433995340722
0.4570566004659394	0.5429433995340722
0.4570566004659394	0.5429433995340722
0.4570566004659394	0.5429433995340722
0.4332189841294959	0.5667810158705162
0.5651986695365149	0.4348013304634958
0.4570566004659394	0.5429433995340722
0.4570566004659394	0.5429433995340722
0.4570566004659394	0.5429433995340722
0.4570566004659394	0.5429433995340722
0.4570566004659394	0.5429433995340722
0.4570566004659394	0.5429433995340722
0.4570566004659394	0.5429433995340722
0.4570566004659394	0.5429433995340722
0.4570566004659394	0.5429433995340722
0.4570566004659394	0.5429433995340722
0.548283953489024	0.45171604651098757
0.4570566004659394	0.5429433995340722
0.4570566004659394	0.5429433995340722
0.5531776358546757	0.44682236414533577
0.4570566004659394	0.5429433995340722
0.4570566004659394	0.5429433995340722
0.4570566004659394	0.5429433995340722
0.4570566004659394	0.5429433995340722
0.548283953489024	0.45171604651098757
0.4570566004659394	0.5429433995340722
0.5531776358546757	0.44682236414533577
0.4564414998558483	0.543558500144163
0.4570566004659394	0.5429433995340722
0.4570566004659394	0.5429433995340722
0.4570566004659394	0.5429433995340722
0.4570566004659394	0.5429433995340722
0.4570566004659394	0.5429433995340722
0.4570566004659394	0.5429433995340722
0.4570566004659394	0.5429433995340722
0.5651986695365149	0.4348013304634958
0.4570566004659394	0.5429433995340722
0.4570566004659394	0.5429433995340722
0.4570566004659394	0.5429433995340722
0.45487879879398785	0.5451212012060236
0.4570566004659394	0.5429433995340722
0.4570566004659394	0.5429433995340722
0.4570566004659394	0.5429433995340722
0.5746449806820962	0.4253550193179144
0.4570566004659394	0.5429433995340722
0.4570566004659394	0.5429433995340722
0.4570566004659394	0.5429433995340722
0.5589495403214497	0.44105045967856094
0.4570566004659394	0.5429433995340722
0.4570566004659394	0.5429433995340722
0.5429433995340758	0.45705660046593544
0.548283953489024	0.45171604651098757
0.4570566004659394	0.5429433995340722
0.4570566004659394	0.5429433995340722
0.5429433995340758	0.45705660046593544
0.5531776358546757	0.44682236414533577
0.4570566004659394	0.5429433995340722
0.4570566004659394	0.5429433995340722
0.4570566004659394	0.5429433995340722
0.4570566004659394	0.5429433995340722
0.4570566004659394	0.5429433995340722
0.4570566004659394	0.5429433995340722
0.4570566004659394	0.5429433995340722
0.4570566004659394	0.5429433995340722
0.4570566004659394	0.5429433995340722
0.4570566004659394	0.5429433995340722
0.5429433995340758	0.45705660046593544
0.4570566004659394	0.5429433995340722
0.4570566004659394	0.5429433995340722
0.4570566004659394	0.5429433995340722
0.4570566004659394	0.5429433995340722
0.5462994655609174	0.45370053443909353
0.4570566004659394	0.5429433995340722
0.4570566004659394	0.5429433995340722
0.4444228641099296	0.5555771358900818
0.548283953489024	0.45171604651098757
0.4570566004659394	0.5429433995340722
0.4570566004659394	0.5429433995340722
0.548283953489024	0.45171604651098757
0.4570566004659394	0.5429433995340722
0.5589495403214497	0.44105045967856094
0.4570566004659394	0.5429433995340722
0.4570566004659394	0.5429433995340722
0.4570566004659394	0.5429433995340722
0.4570566004659394	0.5429433995340722
0.5435585001441591	0.45644149985585186
0.562038394859722	0.43796160514028937
0.4570566004659394	0.5429433995340722
0.5651986695365149	0.4348013304634958
0.5429433995340758	0.45705660046593544
0.4570566004659394	0.5429433995340722
0.4570566004659394	0.5429433995340722
0.5559796956279395	0.4440203043720718
0.4570566004659394	0.5429433995340722
0.4570566004659394	0.5429433995340722
0.4570566004659394	0.5429433995340722
0.5429433995340758	0.45705660046593544
0.4570566004659394	0.5429433995340722
0.4570566004659394	0.5429433995340722
0.4570566004659394	0.5429433995340722
0.4570566004659394	0.5429433995340722
0.5804645310074487	0.41953546899256305
0.4570566004659394	0.5429433995340722
0.4570566004659394	0.5429433995340722
0.4570566004659394	0.5429433995340722
0.4570566004659394	0.5429433995340722
0.4570566004659394	0.5429433995340722
0.4570566004659394	0.5429433995340722
0.4570566004659394	0.5429433995340722
0.4570566004659394	0.5429433995340722
0.5715475079353403	0.4284524920646705
0.4570566004659394	0.5429433995340722
0.4570566004659394	0.5429433995340722
0.4570566004659394	0.5429433995340722
0.4570566004659394	0.5429433995340722
0.4570566004659394	0.5429433995340722
0.5505953035806757	0.44940469641933545
0.4570566004659394	0.5429433995340722
0.4570566004659394	0.5429433995340722
0.4570566004659394	0.5429433995340722
0.4570566004659394	0.5429433995340722
0.4570566004659394	0.5429433995340722
0.4570566004659394	0.5429433995340722
0.5831012679657108	0.4168987320342994
0.4570566004659394	0.5429433995340722
0.5447021607583977	0.45529783924161354
0.5505953035806757	0.44940469641933545
0.4570566004659394	0.5429433995340722
0.4570566004659394	0.5429433995340722
0.5589495403214497	0.44105045967856094
0.4570566004659394	0.5429433995340722
0.4570566004659394	0.5429433995340722
0.585501598473392	0.41449840152662
0.4435766717737645	0.5564233282262457
0.4570566004659394	0.5429433995340722
0.548283953489024	0.45171604651098757
0.4570566004659394	0.5429433995340722
0.4570566004659394	0.5429433995340722
0.4570566004659394	0.5429433995340722
0.4570566004659394	0.5429433995340722
0.4570566004659394	0.5429433995340722
0.562038394859722	0.43796160514028937
0.5909146435817789	0.4090853564182336
0.4570566004659394	0.5429433995340722
0.4570566004659394	0.5429433995340722
0.4570566004659394	0.5429433995340722
0.4570566004659394	0.5429433995340722
0.4570566004659394	0.5429433995340722
0.4570566004659394	0.5429433995340722
0.4570566004659394	0.5429433995340722
0.4570566004659394	0.5429433995340722
0.4570566004659394	0.5429433995340722
0.4309368690209193	0.5690631309790923
0.4570566004659394	0.5429433995340722
0.4570566004659394	0.5429433995340722
0.4570566004659394	0.5429433995340722
0.4570566004659394	0.5429433995340722
0.4570566004659394	0.5429433995340722
0.5435585001441591	0.45644149985585186
0.4570566004659394	0.5429433995340722
0.4570566004659394	0.5429433995340722
0.4570566004659394	0.5429433995340722
0.5505953035806757	0.44940469641933545
0.4570566004659394	0.5429433995340722
0.4570566004659394	0.5429433995340722
0.4570566004659394	0.5429433995340722
0.4570566004659394	0.5429433995340722
0.4570566004659394	0.5429433995340722
0.4570566004659394	0.5429433995340722
0.4570566004659394	0.5429433995340722
0.4570566004659394	0.5429433995340722
0.4570566004659394	0.5429433995340722
0.4570566004659394	0.5429433995340722
0.4570566004659394	0.5429433995340722
0.5683836801347899	0.43161631986522064
0.4570566004659394	0.5429433995340722
0.4570566004659394	0.5429433995340722
0.5505953035806757	0.44940469641933545
0.4570566004659394	0.5429433995340722
0.4570566004659394	0.5429433995340722
0.4570566004659394	0.5429433995340722
0.4570566004659394	0.5429433995340722
0.4570566004659394	0.5429433995340722
0.4570566004659394	0.5429433995340722
0.4570566004659394	0.5429433995340722
0.5435585001441591	0.45644149985585186
0.4570566004659394	0.5429433995340722
0.592014969405592	0.4079850305944185
0.4570566004659394	0.5429433995340722
0.4570566004659394	0.5429433995340722
0.4570566004659394	0.5429433995340722
0.4570566004659394	0.5429433995340722
0.4570566004659394	0.5429433995340722
0.548283953489024	0.45171604651098757
0.4570566004659394	0.5429433995340722
0.4570566004659394	0.5429433995340722
0.4570566004659394	0.5429433995340722
0.4570566004659394	0.5429433995340722
0.4570566004659394	0.5429433995340722
0.5435585001441591	0.45644149985585186
0.4570566004659394	0.5429433995340722
0.4570566004659394	0.5429433995340722
0.4570566004659394	0.5429433995340722
0.4570566004659394	0.5429433995340722
0.5623575266152229	0.437642473384788
0.4570566004659394	0.5429433995340722
0.4570566004659394	0.5429433995340722
0.4570566004659394	0.5429433995340722
0.4570566004659394	0.5429433995340722
0.5505953035806757	0.44940469641933545
0.4570566004659394	0.5429433995340722
0.4570566004659394	0.5429433995340722
0.4570566004659394	0.5429433995340722
0.4570566004659394	0.5429433995340722
0.5715475079353403	0.4284524920646705
0.4570566004659394	0.5429433995340722
0.5651986695365149	0.4348013304634958
0.4570566004659394	0.5429433995340722
0.4570566004659394	0.5429433995340722
0.4570566004659394	0.5429433995340722
0.4570566004659394	0.5429433995340722
0.4570566004659394	0.5429433995340722
0.4570566004659394	0.5429433995340722
0.4570566004659394	0.5429433995340722
0.4570566004659394	0.5429433995340722
0.5447021607583977	0.45529783924161354
0.4570566004659394	0.5429433995340722
0.5683836801347899	0.43161631986522064
0.4570566004659394	0.5429433995340722
0.4570566004659394	0.5429433995340722
0.4570566004659394	0.5429433995340722
0.4570566004659394	0.5429433995340722
0.4570566004659394	0.5429433995340722
0.4570566004659394	0.5429433995340722
0.4570566004659394	0.5429433995340722
0.4570566004659394	0.5429433995340722
0.548283953489024	0.45171604651098757
0.548283953489024	0.45171604651098757
0.4570566004659394	0.5429433995340722
0.4570566004659394	0.5429433995340722
0.4570566004659394	0.5429433995340722
0.5429433995340758	0.45705660046593544
0.4570566004659394	0.5429433995340722
0.4570566004659394	0.5429433995340722
0.4570566004659394	0.5429433995340722
0.548283953489024	0.45171604651098757
0.4570566004659394	0.5429433995340722
0.5927189031772335	0.4072810968227776
0.4570566004659394	0.5429433995340722
0.4570566004659394	0.5429433995340722
0.4570566004659394	0.5429433995340722
0.4570566004659394	0.5429433995340722
0.4570566004659394	0.5429433995340722
0.4570566004659394	0.5429433995340722
0.4570566004659394	0.5429433995340722
0.5531776358546757	0.44682236414533577
0.4570566004659394	0.5429433995340722
0.5435585001441591	0.45644149985585186
0.4570566004659394	0.5429433995340722
0.4570566004659394	0.5429433995340722
0.4570566004659394	0.5429433995340722
0.4570566004659394	0.5429433995340722
0.4570566004659394	0.5429433995340722
0.4570566004659394	0.5429433995340722
0.4570566004659394	0.5429433995340722
0.4570566004659394	0.5429433995340722
0.4570566004659394	0.5429433995340722
0.5435585001441591	0.45644149985585186
0.4570566004659394	0.5429433995340722
0.4570566004659394	0.5429433995340722
0.4570566004659394	0.5429433995340722
0.4570566004659394	0.5429433995340722
0.4570566004659394	0.5429433995340722
0.4570566004659394	0.5429433995340722
0.5715475079353403	0.4284524920646705
0.4570566004659394	0.5429433995340722
0.4570566004659394	0.5429433995340722
0.4570566004659394	0.5429433995340722
0.4570566004659394	0.5429433995340722
0.4522305353962967	0.547769464603715
0.4570566004659394	0.5429433995340722
0.4570566004659394	0.5429433995340722
0.5447021607583977	0.45529783924161354
0.4570566004659394	0.5429433995340722
0.4570566004659394	0.5429433995340722
0.5462994655609174	0.45370053443909353
0.4570566004659394	0.5429433995340722
0.4570566004659394	0.5429433995340722
0.5435585001441591	0.45644149985585186
0.4570566004659394	0.5429433995340722
0.4570566004659394	0.5429433995340722
0.4570566004659394	0.5429433995340722
0.4570566004659394	0.5429433995340722
0.4570566004659394	0.5429433995340722
0.4570566004659394	0.5429433995340722
0.4570566004659394	0.5429433995340722
0.4570566004659394	0.5429433995340722
0.4570566004659394	0.5429433995340722
0.5651986695365149	0.4348013304634958
0.4570566004659394	0.5429433995340722
0.4570566004659394	0.5429433995340722
0.4570566004659394	0.5429433995340722
0.4570566004659394	0.5429433995340722
0.5435585001441591	0.45644149985585186
0.4570566004659394	0.5429433995340722
0.4570566004659394	0.5429433995340722
0.4570566004659394	0.5429433995340722
0.4570566004659394	0.5429433995340722
0.5429433995340758	0.45705660046593544
0.5435585001441591	0.45644149985585186
0.4570566004659394	0.5429433995340722
0.4570566004659394	0.5429433995340722
0.5531776358546757	0.44682236414533577
0.4570566004659394	0.5429433995340722
0.4570566004659394	0.5429433995340722
0.4570566004659394	0.5429433995340722
0.4570566004659394	0.5429433995340722
0.5505953035806757	0.44940469641933545
0.5447021607583977	0.45529783924161354
0.4570566004659394	0.5429433995340722
0.4044497161769624	0.5955502838230489
0.4570566004659394	0.5429433995340722
0.4570566004659394	0.5429433995340722
0.562038394859722	0.43796160514028937
0.4570566004659394	0.5429433995340722
0.4570566004659394	0.5429433995340722
0.4570566004659394	0.5429433995340722
0.4570566004659394	0.5429433995340722
0.4570566004659394	0.5429433995340722
0.4570566004659394	0.5429433995340722
0.4570566004659394	0.5429433995340722
0.4570566004659394	0.5429433995340722
0.4570566004659394	0.5429433995340722
0.4570566004659394	0.5429433995340722
0.4570566004659394	0.5429433995340722
0.4570566004659394	0.5429433995340722
0.4570566004659394	0.5429433995340722
0.4570566004659394	0.5429433995340722
0.5927189031772335	0.4072810968227776
0.4570566004659394	0.5429433995340722
0.4570566004659394	0.5429433995340722
0.4570566004659394	0.5429433995340722
0.4570566004659394	0.5429433995340722
0.4570566004659394	0.5429433995340722
0.4570566004659394	0.5429433995340722
0.5429433995340758	0.45705660046593544
0.4570566004659394	0.5429433995340722
0.5804645310074487	0.41953546899256305
0.4570566004659394	0.5429433995340722
0.4570566004659394	0.5429433995340722
0.5776317608534396	0.42236823914657307
0.4570566004659394	0.5429433995340722
0.4570566004659394	0.5429433995340722
0.5746449806820962	0.4253550193179144
0.4570566004659394	0.5429433995340722
0.4570566004659394	0.5429433995340722
0.5856911578248323	0.4143088421751793
0.5776317608534396	0.42236823914657307
0.43238673924742493	0.5676132607525847
0.5746449806820962	0.4253550193179144
0.4570566004659394	0.5429433995340722
0.5715475079353403	0.4284524920646705
0.4570566004659394	0.5429433995340722
0.5462994655609174	0.45370053443909353
0.4570566004659394	0.5429433995340722
0.4570566004659394	0.5429433995340722
0.4570566004659394	0.5429433995340722
0.4570566004659394	0.5429433995340722
0.4570566004659394	0.5429433995340722
0.5928651498055733	0.40713485019444073
0.4570566004659394	0.5429433995340722
0.4570566004659394	0.5429433995340722
0.5876272289327672	0.41237277106724457
0.4570566004659394	0.5429433995340722
0.4570566004659394	0.5429433995340722
0.4570566004659394	0.5429433995340722
0.4570566004659394	0.5429433995340722
0.4570566004659394	0.5429433995340722
0.4570566004659394	0.5429433995340722
0.4570566004659394	0.5429433995340722
0.4570566004659394	0.5429433995340722
0.4570566004659394	0.5429433995340722
0.4570566004659394	0.5429433995340722
0.4570566004659394	0.5429433995340722
0.4570566004659394	0.5429433995340722
0.4570566004659394	0.5429433995340722
0.4570566004659394	0.5429433995340722
0.4570566004659394	0.5429433995340722
0.4570566004659394	0.5429433995340722
0.4570566004659394	0.5429433995340722
0.4570566004659394	0.5429433995340722
0.4570566004659394	0.5429433995340722
0.42535501931790903	0.5746449806821012
0.5462994655609174	0.45370053443909353
0.4570566004659394	0.5429433995340722
0.548283953489024	0.45171604651098757
0.4570566004659394	0.5429433995340722
0.5505953035806757	0.44940469641933545
0.4570566004659394	0.5429433995340722
0.5429433995340758	0.45705660046593544
0.4570566004659394	0.5429433995340722
0.4570566004659394	0.5429433995340722
0.4570566004659394	0.5429433995340722
0.4570566004659394	0.5429433995340722
0.4570566004659394	0.5429433995340722
0.4570566004659394	0.5429433995340722
0.4570566004659394	0.5429433995340722
0.43238673924742493	0.5676132607525847
0.4570566004659394	0.5429433995340722
0.4505344213672677	0.5494655786327435
0.4570566004659394	0.5429433995340722
0.548283953489024	0.45171604651098757
0.4570566004659394	0.5429433995340722
0.4570566004659394	0.5429433995340722
0.4570566004659394	0.5429433995340722
0.4570566004659394	0.5429433995340722
0.4570566004659394	0.5429433995340722
0.4570566004659394	0.5429433995340722
0.4570566004659394	0.5429433995340722
0.4570566004659394	0.5429433995340722
0.4570566004659394	0.5429433995340722
0.4570566004659394	0.5429433995340722
0.5683836801347899	0.43161631986522064
0.4570566004659394	0.5429433995340722
0.4570566004659394	0.5429433995340722
0.4570566004659394	0.5429433995340722
0.5531776358546757	0.44682236414533577
0.4570566004659394	0.5429433995340722
0.4570566004659394	0.5429433995340722
0.4522305353962967	0.547769464603715
0.4570566004659394	0.5429433995340722
0.4570566004659394	0.5429433995340722
0.5462994655609174	0.45370053443909353
0.44105045967855605	0.5589495403214544
0.4570566004659394	0.5429433995340722
0.4570566004659394	0.5429433995340722
0.4570566004659394	0.5429433995340722
0.4570566004659394	0.5429433995340722
0.4570566004659394	0.5429433995340722
0.4570566004659394	0.5429433995340722
0.4570566004659394	0.5429433995340722
