0.39872271766828943	0.6012772823317228
0.39872271766828943	0.6012772823317228
0.39872271766828943	0.6012772823317228
0.39872271766828943	0.6012772823317228
0.39872271766828943	0.6012772823317228
0.39872271766828943	0.6012772823317228
0.6306454316060904	0.36935456839392167
0.39872271766828943	0.6012772823317228
0.39872271766828943	0.6012772823317228
0.39872271766828943	0.6012772823317228
0.39872271766828943	0.6012772823317228
0.39872271766828943	0.6012772823317228
0.39872271766828943	0.6012772823317228
0.34218042322980124	0.6578195767702109
0.39407183032759563	0.6059281696724168
0.39872271766828943	0.6012772823317228
0.39872271766828943	0.6012772823317228
0.6261661205585968	0.3738338794414151
0.39872271766828943	0.6012772823317228
0.39872271766828943	0.6012772823317228
0.6261661205585968	0.3738338794414151
0.39872271766828943	0.6012772823317228
0.39872271766828943	0.6012772823317228
0.39872271766828943	0.6012772823317228
0.3712830058847453	0.6287169941152673
0.39872271766828943	0.6012772823317228
0.6261661205585968	0.3738338794414151
0.39872271766828943	0.6012772823317228
0.39872271766828943	0.6012772823317228
0.39872271766828943	0.6012772823317228
0.39872271766828943	0.6012772823317228
0.606913269094515	0.3930867309054974
0.39872271766828943	0.6012772823317228
0.39872271766828943	0.6012772823317228
0.6772718702112928	0.3227281297887206
0.6023560818404357	0.39764391815957634
0.39872271766828943	0.6012772823317228
0.6176129567410262	0.3823870432589856
0.6261661205585968	0.3738338794414151
0.39872271766828943	0.6012772823317228
0.6023560818404357	0.39764391815957634
0.39872271766828943	0.6012772823317228
0.39872271766828943	0.6012772823317228
0.38481966366884135	0.6151803363311705
0.39872271766828943	0.6012772823317228
0.39872271766828943	0.6012772823317228
0.6639976275581149	0.33600237244189646
0.39872271766828943	0.6012772823317228
0.39872271766828943	0.6012772823317228
0.39872271766828943	0.6012772823317228
0.39872271766828943	0.6012772823317228
0.39872271766828943	0.6012772823317228
0.39872271766828943	0.6012772823317228
0.39872271766828943	0.6012772823317228
0.39872271766828943	0.6012772823317228
0.39872271766828943	0.6012772823317228
0.39872271766828943	0.6012772823317228
0.39872271766828943	0.6012772823317228
0.6306454316060904	0.36935456839392167
0.6485432398093725	0.3514567601906397
0.6012772823317216	0.39872271766829115
0.39872271766828943	0.6012772823317228
0.39872271766828943	0.6012772823317228
0.6527524602249127	0.34724753977509887
0.6261661205585968	0.3738338794414151
0.32558542565497167	0.6744145743450414
0.39872271766828943	0.6012772823317228
0.39872271766828943	0.6012772823317228
0.39872271766828943	0.6012772823317228
0.39872271766828943	0.6012772823317228
0.39872271766828943	0.6012772823317228
0.39872271766828943	0.6012772823317228
0.6100800143434048	0.3899199856566069
0.39872271766828943	0.6012772823317228
0.39872271766828943	0.6012772823317228
0.39872271766828943	0.6012772823317228
0.36425837611261347	0.6357416238873983
0.39872271766828943	0.6012772823317228
0.39872271766828943	0.6012772823317228
0.39872271766828943	0.6012772823317228
0.6485432398093725	0.3514567601906397
0.39872271766828943	0.6012772823317228
0.6217999168940316	0.3782000831059797
0.3449800523946729	0.6550199476053387
0.39872271766828943	0.6012772823317228
0.39872271766828943	0.6012772823317228
0.39872271766828943	0.6012772823317228
0.39872271766828943	0.6012772823317228
0.606913269094515	0.3930867309054974
0.39872271766828943	0.6012772823317228
0.6012772823317216	0.39872271766829115
0.39872271766828943	0.6012772823317228
0.39872271766828943	0.6012772823317228
0.39872271766828943	0.6012772823317228
0.39872271766828943	0.6012772823317228
0.39872271766828943	0.6012772823317228
0.39872271766828943	0.6012772823317228
0.3837707877599838	0.6162292122400276
0.6441785504165227	0.35582144958348855
0.3699998014035701	0.630000198596442
0.39872271766828943	0.6012772823317228
0.39872271766828943	0.6012772823317228
0.6217999168940316	0.3782000831059797
0.39872271766828943	0.6012772823317228
0.39872271766828943	0.6012772823317228
0.6306454316060904	0.36935456839392167
0.6217999168940316	0.3782000831059797
0.39872271766828943	0.6012772823317228
0.39872271766828943	0.6012772823317228
0.39872271766828943	0.6012772823317228
0.60429240862437	0.3957075913756416
0.6699285182472287	0.3300714817527842
0.39872271766828943	0.6012772823317228
0.39872271766828943	0.6012772823317228
0.39872271766828943	0.6012772823317228
0.39872271766828943	0.6012772823317228
0.39872271766828943	0.6012772823317228
0.3526524815204209	0.6473475184795909
0.3226801470626667	0.6773198529373454
0.39872271766828943	0.6012772823317228
0.6485432398093725	0.3514567601906397
0.39872271766828943	0.6012772823317228
0.6012772823317216	0.39872271766829115
0.39872271766828943	0.6012772823317228
0.3391944403605338	0.6608055596394774
0.39872271766828943	0.6012772823317228
0.39872271766828943	0.6012772823317228
0.39872271766828943	0.6012772823317228
0.39872271766828943	0.6012772823317228
0.39872271766828943	0.6012772823317228
0.39872271766828943	0.6012772823317228
0.6176129567410262	0.3823870432589856
0.6441785504165227	0.35582144958348855
0.39872271766828943	0.6012772823317228
0.6397064270911229	0.3602935729088896
0.39872271766828943	0.6012772823317228
0.39872271766828943	0.6012772823317228
0.39872271766828943	0.6012772823317228
0.39872271766828943	0.6012772823317228
0.39872271766828943	0.6012772823317228
0.6671454124631755	0.3328545875368379
0.39872271766828943	0.6012772823317228
0.39872271766828943	0.6012772823317228
0.39872271766828943	0.6012772823317228
0.6772587891280911	0.32274121087192054
0.39872271766828943	0.6012772823317228
0.39872271766828943	0.6012772823317228
0.6012772823317216	0.39872271766829115
0.6012772823317216	0.39872271766829115
0.6136786300150804	0.386321369984932
0.6261661205585968	0.3738338794414151
0.6012772823317216	0.39872271766829115
0.6306454316060904	0.36935456839392167
0.6306454316060904	0.36935456839392167
0.39872271766828943	0.6012772823317228
0.39872271766828943	0.6012772823317228
0.6023560818404357	0.39764391815957634
0.6671454124631755	0.3328545875368379
0.39872271766828943	0.6012772823317228
0.39872271766828943	0.6012772823317228
0.39872271766828943	0.6012772823317228
0.39872271766828943	0.6012772823317228
0.39872271766828943	0.6012772823317228
0.39872271766828943	0.6012772823317228
0.6100800143434048	0.3899199856566069
0.39872271766828943	0.6012772823317228
0.39872271766828943	0.6012772823317228
0.34218042322980124	0.6578195767702109
0.39872271766828943	0.6012772823317228
0.39872271766828943	0.6012772823317228
0.6012772823317216	0.39872271766829115
0.39872271766828943	0.6012772823317228
0.6567602503734038	0.34323974962660697
0.39872271766828943	0.6012772823317228
0.39872271766828943	0.6012772823317228
0.39872271766828943	0.6012772823317228
0.39872271766828943	0.6012772823317228
0.39872271766828943	0.6012772823317228
0.6397064270911229	0.3602935729088896
0.39872271766828943	0.6012772823317228
0.39872271766828943	0.6012772823317228
0.39872271766828943	0.6012772823317228
0.39872271766828943	0.6012772823317228
0.6176129567410262	0.3823870432589856
0.6742645417435464	0.32573545825646677
0.39872271766828943	0.6012772823317228
0.39872271766828943	0.6012772823317228
0.39872271766828943	0.6012772823317228
0.6441785504165227	0.35582144958348855
0.6261661205585968	0.3738338794414151
0.39872271766828943	0.6012772823317228
0.6671454124631755	0.3328545875368379
0.39872271766828943	0.6012772823317228
0.39872271766828943	0.6012772823317228
0.39872271766828943	0.6012772823317228
0.39872271766828943	0.6012772823317228
0.39872271766828943	0.6012772823317228
0.606913269094515	0.3930867309054974
0.6217999168940316	0.3782000831059797
0.39872271766828943	0.6012772823317228
0.6012772823317216	0.39872271766829115
0.39872271766828943	0.6012772823317228
0.6261661205585968	0.3738338794414151
0.39872271766828943	0.6012772823317228
0.39872271766828943	0.6012772823317228
0.6012772823317216	0.39872271766829115
0.39872271766828943	0.6012772823317228
0.39872271766828943	0.6012772823317228
0.39872271766828943	0.6012772823317228
0.39872271766828943	0.6012772823317228
0.39872271766828943	0.6012772823317228
0.39872271766828943	0.6012772823317228
0.6605226299757847	0.33947737002422695
0.39872271766828943	0.6012772823317228
0.39872271766828943	0.6012772823317228
0.39872271766828943	0.6012772823317228
0.60429240862437	0.3957075913756416
0.39872271766828943	0.6012772823317228
0.39872271766828943	0.6012772823317228
0.39872271766828943	0.6012772823317228
0.6397064270911229	0.3602935729088896
0.6306454316060904	0.36935456839392167
0.6605226299757847	0.33947737002422695
0.39872271766828943	0.6012772823317228
0.39872271766828943	0.6012772823317228
0.3231852490769503	0.6768147509230622
0.6671454124631755	0.3328545875368379
0.39872271766828943	0.6012772823317228
0.39872271766828943	0.6012772823317228
0.39872271766828943	0.6012772823317228
0.39872271766828943	0.6012772823317228
0.3952909070709478	0.6047090929290643
0.39872271766828943	0.6012772823317228
0.39872271766828943	0.6012772823317228
0.39872271766828943	0.6012772823317228
0.39872271766828943	0.6012772823317228
0.606913269094515	0.3930867309054974
0.39872271766828943	0.6012772823317228
0.39872271766828943	0.6012772823317228
0.39872271766828943	0.6012772823317228
0.39872271766828943	0.6012772823317228
0.6639976275581149	0.33600237244189646
0.39872271766828943	0.6012772823317228
0.6176129567410262	0.3823870432589856
0.39872271766828943	0.6012772823317228
0.39872271766828943	0.6012772823317228
0.39872271766828943	0.6012772823317228
0.39872271766828943	0.6012772823317228
0.39872271766828943	0.6012772823317228
0.39872271766828943	0.6012772823317228
0.39872271766828943	0.6012772823317228
0.39872271766828943	0.6012772823317228
0.39872271766828943	0.6012772823317228
0.6136786300150804	0.386321369984932
0.39872271766828943	0.6012772823317228
0.60429240862437	0.3957075913756416
0.6100800143434048	0.3899199856566069
0.39872271766828943	0.6012772823317228
0.39872271766828943	0.6012772823317228
0.6023560818404357	0.39764391815957634
0.39872271766828943	0.6012772823317228
0.39872271766828943	0.6012772823317228
0.6639976275581149	0.33600237244189646
0.6527524602249127	0.34724753977509887
0.39872271766828943	0.6012772823317228
0.6772718702112928	0.3227281297887206
0.39872271766828943	0.6012772823317228
0.39872271766828943	0.6012772823317228
0.6023560818404357	0.39764391815957634
0.6639976275581149	0.33600237244189646
0.39872271766828943	0.6012772823317228
0.6100800143434048	0.3899199856566069
0.3866845957934257	0.613315404206586
0.6176129567410262	0.3823870432589856
0.6100800143434048	0.3899199856566069
0.39872271766828943	0.6012772823317228
0.39872271766828943	0.6012772823317228
0.3654049487342906	0.6345950512657215
0.6012772823317216	0.39872271766829115
0.39872271766828943	0.6012772823317228
0.39872271766828943	0.6012772823317228
0.39872271766828943	0.6012772823317228
0.39872271766828943	0.6012772823317228
0.39872271766828943	0.6012772823317228
0.6136786300150804	0.386321369984932
0.39872271766828943	0.6012772823317228
0.6742645417435464	0.32573545825646677
0.60429240862437	0.3957075913756416
0.39872271766828943	0.6012772823317228
0.6620875312621098	0.3379124687379014
0.39872271766828943	0.6012772823317228
0.39872271766828943	0.6012772823317228
0.6176129567410262	0.3823870432589856
0.39872271766828943	0.6012772823317228
0.6217999168940316	0.3782000831059797
0.39872271766828943	0.6012772823317228
0.6351772137642795	0.3648227862357335
0.606913269094515	0.3930867309054974
0.6100800143434048	0.3899199856566069
0.3257354582564694	0.674264541743544
0.39872271766828943	0.6012772823317228
0.39872271766828943	0.6012772823317228
0.39872271766828943	0.6012772823317228
0.39872271766828943	0.6012772823317228
0.6485432398093725	0.3514567601906397
0.39872271766828943	0.6012772823317228
0.39872271766828943	0.6012772823317228
0.39872271766828943	0.6012772823317228
0.6012772823317216	0.39872271766829115
0.39872271766828943	0.6012772823317228
0.6217999168940316	0.3782000831059797
0.39872271766828943	0.6012772823317228
0.6023560818404357	0.39764391815957634
0.39872271766828943	0.6012772823317228
0.39872271766828943	0.6012772823317228
0.39872271766828943	0.6012772823317228
0.39872271766828943	0.6012772823317228
0.39872271766828943	0.6012772823317228
0.39872271766828943	0.6012772823317228
0.3863213699849342	0.6136786300150785
0.39872271766828943	0.6012772823317228
0.39872271766828943	0.6012772823317228
0.6306454316060904	0.36935456839392167
0.606913269094515	0.3930867309054974
0.39872271766828943	0.6012772823317228
0.39872271766828943	0.6012772823317228
0.606913269094515	0.3930867309054974
0.6441785504165227	0.35582144958348855
0.39872271766828943	0.6012772823317228
0.39872271766828943	0.6012772823317228
0.6757574251320768	0.3242425748679355
0.39872271766828943	0.6012772823317228
0.6397064270911229	0.3602935729088896
0.6567602503734038	0.34323974962660697
0.39872271766828943	0.6012772823317228
0.6012772823317216	0.39872271766829115
0.39872271766828943	0.6012772823317228
0.39872271766828943	0.6012772823317228
0.6527524602249127	0.34724753977509887
0.39872271766828943	0.6012772823317228
0.32768785339879536	0.6723121466012161
0.6261661205585968	0.3738338794414151
0.39872271766828943	0.6012772823317228
0.6012772823317216	0.39872271766829115
0.39872271766828943	0.6012772823317228
0.606913269094515	0.3930867309054974
0.39872271766828943	0.6012772823317228
0.39872271766828943	0.6012772823317228
0.39872271766828943	0.6012772823317228
0.39872271766828943	0.6012772823317228
0.6176129567410262	0.3823870432589856
0.6023560818404357	0.39764391815957634
0.6023560818404357	0.39764391815957634
0.6100800143434048	0.3899199856566069
0.39872271766828943	0.6012772823317228
0.6567602503734038	0.34323974962660697
0.39872271766828943	0.6012772823317228
0.39872271766828943	0.6012772823317228
0.606913269094515	0.3930867309054974
0.37593565810995777	0.6240643418900549
0.606913269094515	0.3930867309054974
0.39872271766828943	0.6012772823317228
0.39872271766828943	0.6012772823317228
0.6567602503734038	0.34323974962660697
0.39872271766828943	0.6012772823317228
0.6135178971990644	0.3864821028009469
0.39872271766828943	0.6012772823317228
0.39872271766828943	0.6012772823317228
0.6012772823317216	0.39872271766829115
0.6100800143434048	0.3899199856566069
0.39872271766828943	0.6012772823317228
0.39872271766828943	0.6012772823317228
0.39872271766828943	0.6012772823317228
0.6671454124631755	0.3328545875368379
0.60429240862437	0.3957075913756416
0.39872271766828943	0.6012772823317228
0.6217999168940316	0.3782000831059797
0.32372668942600213	0.6762733105740104
0.39872271766828943	0.6012772823317228
0.6306454316060904	0.36935456839392167
0.6217999168940316	0.3782000831059797
0.6176129567410262	0.3823870432589856
0.39872271766828943	0.6012772823317228
0.39872271766828943	0.6012772823317228
0.39872271766828943	0.6012772823317228
0.39872271766828943	0.6012772823317228
0.6772587891280911	0.32274121087192054
0.606913269094515	0.3930867309054974
0.39872271766828943	0.6012772823317228
0.39872271766828943	0.6012772823317228
0.39872271766828943	0.6012772823317228
0.39872271766828943	0.6012772823317228
0.39872271766828943	0.6012772823317228
0.39872271766828943	0.6012772823317228
0.39872271766828943	0.6012772823317228
0.39872271766828943	0.6012772823317228
0.39872271766828943	0.6012772823317228
0.39872271766828943	0.6012772823317228
0.39872271766828943	0.6012772823317228
0.6639976275581149	0.33600237244189646
0.39872271766828943	0.6012772823317228
0.39872271766828943	0.6012772823317228
0.6639976275581149	0.33600237244189646
0.6639976275581149	0.33600237244189646
0.39872271766828943	0.6012772823317228
0.6485432398093725	0.3514567601906397
0.6217999168940316	0.3782000831059797
0.39872271766828943	0.6012772823317228
0.60429240862437	0.3957075913756416
0.6100800143434048	0.3899199856566069
0.39872271766828943	0.6012772823317228
0.39872271766828943	0.6012772823317228
0.6100800143434048	0.3899199856566069
0.39872271766828943	0.6012772823317228
0.39872271766828943	0.6012772823317228
0.39872271766828943	0.6012772823317228
0.6012772823317216	0.39872271766829115
0.39872271766828943	0.6012772823317228
0.39872271766828943	0.6012772823317228
0.39872271766828943	0.6012772823317228
0.6306454316060904	0.36935456839392167
0.39872271766828943	0.6012772823317228
0.39872271766828943	0.6012772823317228
0.39872271766828943	0.6012772823317228
0.39872271766828943	0.6012772823317228
0.39872271766828943	0.6012772823317228
0.6136786300150804	0.386321369984932
0.6136786300150804	0.386321369984932
0.39872271766828943	0.6012772823317228
0.39872271766828943	0.6012772823317228
0.39872271766828943	0.6012772823317228
0.39872271766828943	0.6012772823317228
0.39872271766828943	0.6012772823317228
0.39872271766828943	0.6012772823317228
0.39872271766828943	0.6012772823317228
0.39872271766828943	0.6012772823317228
0.39872271766828943	0.6012772823317228
0.606913269094515	0.3930867309054974
0.39872271766828943	0.6012772823317228
0.39872271766828943	0.6012772823317228
0.39872271766828943	0.6012772823317228
0.39872271766828943	0.6012772823317228
0.39872271766828943	0.6012772823317228
0.39872271766828943	0.6012772823317228
0.39872271766828943	0.6012772823317228
0.32272812978872306	0.6772718702112903
0.39872271766828943	0.6012772823317228
0.39872271766828943	0.6012772823317228
0.39872271766828943	0.6012772823317228
0.6671454124631755	0.3328545875368379
0.39872271766828943	0.6012772823317228
0.39872271766828943	0.6012772823317228
0.39872271766828943	0.6012772823317228
0.6261661205585968	0.3738338794414151
0.39872271766828943	0.6012772823317228
0.39872271766828943	0.6012772823317228
0.39872271766828943	0.6012772823317228
0.6100800143434048	0.3899199856566069
0.39872271766828943	0.6012772823317228
0.6397064270911229	0.3602935729088896
0.6723121466012186	0.3276878533987929
0.36935456839392405	0.6306454316060883
0.39872271766828943	0.6012772823317228
0.39872271766828943	0.6012772823317228
0.6100800143434048	0.3899199856566069
0.39872271766828943	0.6012772823317228
0.39872271766828943	0.6012772823317228
0.39872271766828943	0.6012772823317228
0.6605226299757847	0.33947737002422695
0.39872271766828943	0.6012772823317228
0.3866449924407711	0.6133550075592406
0.39872271766828943	0.6012772823317228
0.6397064270911229	0.3602935729088896
0.37577329367643025	0.6242267063235825
0.6261661205585968	0.3738338794414151
0.39872271766828943	0.6012772823317228
0.39872271766828943	0.6012772823317228
0.39872271766828943	0.6012772823317228
0.39872271766828943	0.6012772823317228
0.39872271766828943	0.6012772823317228
0.39872271766828943	0.6012772823317228
0.3946878068696296	0.6053121931303824
0.60429240862437	0.3957075913756416
0.3336502257819688	0.6663497742180434
0.6605226299757847	0.33947737002422695
0.39872271766828943	0.6012772823317228
0.6012772823317216	0.39872271766829115
0.35286564694501044	0.6471343530550009
0.39872271766828943	0.6012772823317228
0.39872271766828943	0.6012772823317228
0.3656404181380477	0.6343595818619646
0.39872271766828943	0.6012772823317228
0.6176129567410262	0.3823870432589856
0.606913269094515	0.3930867309054974
0.39872271766828943	0.6012772823317228
0.6136786300150804	0.386321369984932
0.39872271766828943	0.6012772823317228
0.39872271766828943	0.6012772823317228
0.6012772823317216	0.39872271766829115
0.60429240862437	0.3957075913756416
0.6012772823317216	0.39872271766829115
0.6023560818404357	0.39764391815957634
0.39872271766828943	0.6012772823317228
0.6012772823317216	0.39872271766829115
0.39872271766828943	0.6012772823317228
0.6023560818404357	0.39764391815957634
0.39872271766828943	0.6012772823317228
0.6100800143434048	0.3899199856566069
0.39872271766828943	0.6012772823317228
0.6136786300150804	0.386321369984932
0.39872271766828943	0.6012772823317228
0.39872271766828943	0.6012772823317228
0.39872271766828943	0.6012772823317228
0.6136786300150804	0.386321369984932
0.39872271766828943	0.6012772823317228
0.37820008310598163	0.6217999168940294
0.60429240862437	0.3957075913756416
0.39872271766828943	0.6012772823317228
0.39872271766828943	0.6012772823317228
0.39872271766828943	0.6012772823317228
0.39872271766828943	0.6012772823317228
0.39872271766828943	0.6012772823317228
0.39872271766828943	0.6012772823317228
0.392738147905135	0.6072618520948763
0.39872271766828943	0.6012772823317228
0.39872271766828943	0.6012772823317228
0.39872271766828943	0.6012772823317228
0.39872271766828943	0.6012772823317228
0.39872271766828943	0.6012772823317228
0.39872271766828943	0.6012772823317228
0.6176129567410262	0.3823870432589856
0.39872271766828943	0.6012772823317228
0.39872271766828943	0.6012772823317228
0.39872271766828943	0.6012772823317228
0.6023560818404357	0.39764391815957634
0.39872271766828943	0.6012772823317228
0.39872271766828943	0.6012772823317228
0.39872271766828943	0.6012772823317228
0.39872271766828943	0.6012772823317228
0.606913269094515	0.3930867309054974
0.606913269094515	0.3930867309054974
0.39872271766828943	0.6012772823317228
0.39872271766828943	0.6012772823317228
0.39872271766828943	0.6012772823317228
0.34090387732373817	0.6590961226762734
0.6217999168940316	0.3782000831059797
0.39872271766828943	0.6012772823317228
0.39872271766828943	0.6012772823317228
0.6567602503734038	0.34323974962660697
0.6605226299757847	0.33947737002422695
0.6403632322132083	0.3596367677868041
0.39872271766828943	0.6012772823317228
0.39872271766828943	0.6012772823317228
0.39872271766828943	0.6012772823317228
0.39872271766828943	0.6012772823317228
0.39872271766828943	0.6012772823317228
0.39872271766828943	0.6012772823317228
0.39872271766828943	0.6012772823317228
0.6261661205585968	0.3738338794414151
0.39872271766828943	0.6012772823317228
0.39872271766828943	0.6012772823317228
0.39872271766828943	0.6012772823317228
0.39872271766828943	0.6012772823317228
0.606913269094515	0.3930867309054974
0.6261661205585968	0.3738338794414151
0.39872271766828943	0.6012772823317228
0.39872271766828943	0.6012772823317228
0.6100800143434048	0.3899199856566069
0.39872271766828943	0.6012772823317228
0.39872271766828943	0.6012772823317228
0.39872271766828943	0.6012772823317228
0.6740475275189031	0.3259524724811117
0.39872271766828943	0.6012772823317228
0.6012772823317216	0.39872271766829115
0.39872271766828943	0.6012772823317228
0.39872271766828943	0.6012772823317228
0.39872271766828943	0.6012772823317228
0.39872271766828943	0.6012772823317228
0.37593565810995777	0.6240643418900549
0.39872271766828943	0.6012772823317228
0.606913269094515	0.3930867309054974
0.35184276965309036	0.648157230346922
0.6441785504165227	0.35582144958348855
0.39872271766828943	0.6012772823317228
0.6176129567410262	0.3823870432589856
0.39872271766828943	0.6012772823317228
0.39872271766828943	0.6012772823317228
0.39872271766828943	0.6012772823317228
0.39872271766828943	0.6012772823317228
0.6351772137642795	0.3648227862357335
0.6023560818404357	0.39764391815957634
0.39872271766828943	0.6012772823317228
0.39872271766828943	0.6012772823317228
0.39872271766828943	0.6012772823317228
0.39872271766828943	0.6012772823317228
0.39872271766828943	0.6012772823317228
0.39872271766828943	0.6012772823317228
0.39872271766828943	0.6012772823317228
0.39872271766828943	0.6012772823317228
0.39872271766828943	0.6012772823317228
0.39872271766828943	0.6012772823317228
0.39872271766828943	0.6012772823317228
0.6261661205585968	0.3738338794414151
0.6397064270911229	0.3602935729088896
0.39872271766828943	0.6012772823317228
0.39872271766828943	0.6012772823317228
0.39872271766828943	0.6012772823317228
0.606913269094515	0.3930867309054974
0.39872271766828943	0.6012772823317228
0.39872271766828943	0.6012772823317228
0.39872271766828943	0.6012772823317228
0.39872271766828943	0.6012772823317228
0.39872271766828943	0.6012772823317228
0.6176129567410262	0.3823870432589856
0.39872271766828943	0.6012772823317228
0.39085403479014913	0.609145965209863
0.659167526130593	0.3408324738694195
0.6012772823317216	0.39872271766829115
0.39085403479014913	0.609145965209863
0.6136786300150804	0.386321369984932
0.39872271766828943	0.6012772823317228
0.39872271766828943	0.6012772823317228
0.39872271766828943	0.6012772823317228
0.39872271766828943	0.6012772823317228
0.39872271766828943	0.6012772823317228
0.39872271766828943	0.6012772823317228
0.39872271766828943	0.6012772823317228
0.6567602503734038	0.34323974962660697
0.39872271766828943	0.6012772823317228
0.39872271766828943	0.6012772823317228
0.39872271766828943	0.6012772823317228
0.39872271766828943	0.6012772823317228
0.39872271766828943	0.6012772823317228
0.39872271766828943	0.6012772823317228
0.39872271766828943	0.6012772823317228
0.3930867309054993	0.6069132690945134
0.39872271766828943	0.6012772823317228
0.39872271766828943	0.6012772823317228
0.6136786300150804	0.386321369984932
0.6397064270911229	0.3602935729088896
0.39872271766828943	0.6012772823317228
0.39872271766828943	0.6012772823317228
0.6023560818404357	0.39764391815957634
0.39872271766828943	0.6012772823317228
0.37899734081673386	0.6210026591832781
0.39872271766828943	0.6012772823317228
0.39872271766828943	0.6012772823317228
0.39872271766828943	0.6012772823317228
0.39872271766828943	0.6012772823317228
0.39872271766828943	0.6012772823317228
0.6176129567410262	0.3823870432589856
0.39872271766828943	0.6012772823317228
0.39872271766828943	0.6012772823317228
0.39872271766828943	0.6012772823317228
0.39872271766828943	0.6012772823317228
0.6527524602249127	0.34724753977509887
0.39872271766828943	0.6012772823317228
0.39872271766828943	0.6012772823317228
0.39872271766828943	0.6012772823317228
0.6441785504165227	0.35582144958348855
0.39872271766828943	0.6012772823317228
0.39872271766828943	0.6012772823317228
0.39872271766828943	0.6012772823317228
0.39872271766828943	0.6012772823317228
0.39570759137564354	0.6042924086243686
0.39872271766828943	0.6012772823317228
0.6397064270911229	0.3602935729088896
0.39872271766828943	0.6012772823317228
0.39872271766828943	0.6012772823317228
0.39872271766828943	0.6012772823317228
0.33643137547348156	0.66356862452653
0.39872271766828943	0.6012772823317228
0.39872271766828943	0.6012772823317228
0.39872271766828943	0.6012772823317228
0.6772587891280911	0.32274121087192054
0.39872271766828943	0.6012772823317228
0.39872271766828943	0.6012772823317228
0.606913269094515	0.3930867309054974
0.39872271766828943	0.6012772823317228
0.6757574251320768	0.3242425748679355
0.6306454316060904	0.36935456839392167
0.39872271766828943	0.6012772823317228
0.39872271766828943	0.6012772823317228
0.39872271766828943	0.6012772823317228
0.39872271766828943	0.6012772823317228
0.60429240862437	0.3957075913756416
0.6397064270911229	0.3602935729088896
0.6671454124631755	0.3328545875368379
0.606913269094515	0.3930867309054974
0.39872271766828943	0.6012772823317228
0.39872271766828943	0.6012772823317228
0.39872271766828943	0.6012772823317228
0.36236948411893743	0.6376305158810739
0.39872271766828943	0.6012772823317228
0.39872271766828943	0.6012772823317228
0.39872271766828943	0.6012772823317228
0.39872271766828943	0.6012772823317228
0.39872271766828943	0.6012772823317228
0.39872271766828943	0.6012772823317228
0.6136786300150804	0.386321369984932
0.39872271766828943	0.6012772823317228
0.39872271766828943	0.6012772823317228
0.39872271766828943	0.6012772823317228
0.3463172892150626	0.6536827107849479
0.3232669770953672	0.6767330229046444
0.39872271766828943	0.6012772823317228
0.39872271766828943	0.6012772823317228
0.39872271766828943	0.6012772823317228
0.39872271766828943	0.6012772823317228
0.39872271766828943	0.6012772823317228
0.6699285182472287	0.3300714817527842
0.6176129567410262	0.3823870432589856
0.6023560818404357	0.39764391815957634
0.39872271766828943	0.6012772823317228
0.39872271766828943	0.6012772823317228
0.39872271766828943	0.6012772823317228
0.39872271766828943	0.6012772823317228
0.39872271766828943	0.6012772823317228
0.39872271766828943	0.6012772823317228
0.39872271766828943	0.6012772823317228
0.387465465337162	0.612534534662849
0.39872271766828943	0.6012772823317228
0.39872271766828943	0.6012772823317228
0.39872271766828943	0.6012772823317228
0.39872271766828943	0.6012772823317228
0.6261661205585968	0.3738338794414151
0.39872271766828943	0.6012772823317228
0.6023560818404357	0.39764391815957634
0.39872271766828943	0.6012772823317228
0.39872271766828943	0.6012772823317228
0.39872271766828943	0.6012772823317228
0.39872271766828943	0.6012772823317228
0.606913269094515	0.3930867309054974
0.39872271766828943	0.6012772823317228
0.6100800143434048	0.3899199856566069
0.39872271766828943	0.6012772823317228
0.3220696624485269	0.6779303375514857
0.39872271766828943	0.6012772823317228
0.39872271766828943	0.6012772823317228
0.39872271766828943	0.6012772823317228
0.39872271766828943	0.6012772823317228
0.6605226299757847	0.33947737002422695
0.39872271766828943	0.6012772823317228
0.39872271766828943	0.6012772823317228
0.6605226299757847	0.33947737002422695
0.39872271766828943	0.6012772823317228
0.39872271766828943	0.6012772823317228
0.3959675682474762	0.6040324317525367
0.39872271766828943	0.6012772823317228
0.39872271766828943	0.6012772823317228
0.6292876915462707	0.370712308453741
0.39872271766828943	0.6012772823317228
0.39872271766828943	0.6012772823317228
0.39872271766828943	0.6012772823317228
0.39872271766828943	0.6012772823317228
0.39872271766828943	0.6012772823317228
0.39872271766828943	0.6012772823317228
0.39872271766828943	0.6012772823317228
0.39872271766828943	0.6012772823317228
0.60429240862437	0.3957075913756416
0.6351772137642795	0.3648227862357335
0.39872271766828943	0.6012772823317228
0.39872271766828943	0.6012772823317228
0.39872271766828943	0.6012772823317228
0.39872271766828943	0.6012772823317228
0.606913269094515	0.3930867309054974
0.39872271766828943	0.6012772823317228
0.6767180065775783	0.3232819934224339
0.6100800143434048	0.3899199856566069
0.39872271766828943	0.6012772823317228
0.39872271766828943	0.6012772823317228
0.36081136896758326	0.6391886310324287
0.39872271766828943	0.6012772823317228
0.39872271766828943	0.6012772823317228
0.39872271766828943	0.6012772823317228
0.6023560818404357	0.39764391815957634
0.39872271766828943	0.6012772823317228
0.39872271766828943	0.6012772823317228
0.39872271766828943	0.6012772823317228
0.60429240862437	0.3957075913756416
0.38891036682523117	0.6110896331747804
0.39872271766828943	0.6012772823317228
0.39872271766828943	0.6012772823317228
0.39872271766828943	0.6012772823317228
0.6605226299757847	0.33947737002422695
0.39872271766828943	0.6012772823317228
0.6012772823317216	0.39872271766829115
0.39872271766828943	0.6012772823317228
0.39872271766828943	0.6012772823317228
0.39872271766828943	0.6012772823317228
0.39872271766828943	0.6012772823317228
0.39872271766828943	0.6012772823317228
0.6023560818404357	0.39764391815957634
0.60429240862437	0.3957075913756416
0.3238406715910269	0.676159328408986
0.39872271766828943	0.6012772823317228
0.39872271766828943	0.6012772823317228
0.39872271766828943	0.6012772823317228
0.39872271766828943	0.6012772823317228
0.39872271766828943	0.6012772823317228
0.39872271766828943	0.6012772823317228
0.6136786300150804	0.386321369984932
0.38269361233585725	0.6173063876641545
0.39872271766828943	0.6012772823317228
0.39872271766828943	0.6012772823317228
0.6063599651356898	0.39364003486432253
0.39872271766828943	0.6012772823317228
0.39872271766828943	0.6012772823317228
0.39872271766828943	0.6012772823317228
0.39872271766828943	0.6012772823317228
0.39872271766828943	0.6012772823317228
0.3967410185314502	0.6032589814685618
0.6527524602249127	0.34724753977509887
0.39872271766828943	0.6012772823317228
0.3408236366650836	0.6591763633349288
0.39872271766828943	0.6012772823317228
0.39872271766828943	0.6012772823317228
0.6306454316060904	0.36935456839392167
0.39872271766828943	0.6012772823317228
0.39872271766828943	0.6012772823317228
0.39872271766828943	0.6012772823317228
0.3743060765396841	0.6256939234603283
0.39872271766828943	0.6012772823317228
0.39872271766828943	0.6012772823317228
0.39872271766828943	0.6012772823317228
0.39872271766828943	0.6012772823317228
0.39872271766828943	0.6012772823317228
0.39872271766828943	0.6012772823317228
0.3856298524974379	0.6143701475025729
0.39872271766828943	0.6012772823317228
0.39872271766828943	0.6012772823317228
0.39872271766828943	0.6012772823317228
0.6023560818404357	0.39764391815957634
0.39872271766828943	0.6012772823317228
0.39872271766828943	0.6012772823317228
0.39872271766828943	0.6012772823317228
0.39872271766828943	0.6012772823317228
0.39872271766828943	0.6012772823317228
0.6176129567410262	0.3823870432589856
0.39872271766828943	0.6012772823317228
0.6136786300150804	0.386321369984932
0.39872271766828943	0.6012772823317228
0.39872271766828943	0.6012772823317228
0.39872271766828943	0.6012772823317228
0.6351772137642795	0.3648227862357335
0.39872271766828943	0.6012772823317228
0.39872271766828943	0.6012772823317228
0.39872271766828943	0.6012772823317228
0.3602935729088919	0.6397064270911204
0.6485432398093725	0.3514567601906397
0.393640034864321	0.6063599651356912
0.39872271766828943	0.6012772823317228
0.39872271766828943	0.6012772823317228
0.6012772823317216	0.39872271766829115
0.3967410185314502	0.6032589814685618
0.39872271766828943	0.6012772823317228
0.39872271766828943	0.6012772823317228
0.6306454316060904	0.36935456839392167
0.6742645417435464	0.32573545825646677
0.6012772823317216	0.39872271766829115
0.39872271766828943	0.6012772823317228
0.6662309859427044	0.3337690140573061
0.39872271766828943	0.6012772823317228
0.39872271766828943	0.6012772823317228
0.39872271766828943	0.6012772823317228
0.39872271766828943	0.6012772823317228
0.6757574251320768	0.3242425748679355
0.39872271766828943	0.6012772823317228
0.39872271766828943	0.6012772823317228
0.39872271766828943	0.6012772823317228
0.39872271766828943	0.6012772823317228
0.39872271766828943	0.6012772823317228
0.39872271766828943	0.6012772823317228
0.6176129567410262	0.3823870432589856
0.6699285182472287	0.3300714817527842
0.39872271766828943	0.6012772823317228
0.39872271766828943	0.6012772823317228
0.39872271766828943	0.6012772823317228
0.6217999168940316	0.3782000831059797
0.39872271766828943	0.6012772823317228
0.39872271766828943	0.6012772823317228
0.39872271766828943	0.6012772823317228
0.39872271766828943	0.6012772823317228
0.6023560818404357	0.39764391815957634
0.6605226299757847	0.33947737002422695
0.39872271766828943	0.6012772823317228
0.39872271766828943	0.6012772823317228
0.39872271766828943	0.6012772823317228
0.6023560818404357	0.39764391815957634
0.39872271766828943	0.6012772823317228
0.39872271766828943	0.6012772823317228
0.39872271766828943	0.6012772823317228
0.6217999168940316	0.3782000831059797
0.3384801724952776	0.6615198275047346
0.39872271766828943	0.6012772823317228
0.39872271766828943	0.6012772823317228
0.39872271766828943	0.6012772823317228
0.39872271766828943	0.6012772823317228
0.60429240862437	0.3957075913756416
0.606913269094515	0.3930867309054974
0.39872271766828943	0.6012772823317228
0.39872271766828943	0.6012772823317228
0.39872271766828943	0.6012772823317228
0.6757574251320768	0.3242425748679355
0.39872271766828943	0.6012772823317228
0.6527524602249127	0.34724753977509887
0.39872271766828943	0.6012772823317228
0.39872271766828943	0.6012772823317228
0.39872271766828943	0.6012772823317228
0.39872271766828943	0.6012772823317228
0.39872271766828943	0.6012772823317228
0.39872271766828943	0.6012772823317228
0.39872271766828943	0.6012772823317228
0.6527524602249127	0.34724753977509887
0.6012772823317216	0.39872271766829115
0.39872271766828943	0.6012772823317228
0.39872271766828943	0.6012772823317228
0.39872271766828943	0.6012772823317228
0.6757574251320768	0.3242425748679355
0.39872271766828943	0.6012772823317228
0.39872271766828943	0.6012772823317228
0.6397064270911229	0.3602935729088896
0.6136786300150804	0.386321369984932
0.6176129567410262	0.3823870432589856
0.32010035531011927	0.6798996446898916
0.39872271766828943	0.6012772823317228
0.3602935729088919	0.6397064270911204
0.39872271766828943	0.6012772823317228
0.39872271766828943	0.6012772823317228
0.39872271766828943	0.6012772823317228
0.39872271766828943	0.6012772823317228
0.6527524602249127	0.34724753977509887
0.39872271766828943	0.6012772823317228
0.39872271766828943	0.6012772823317228
0.6217999168940316	0.3782000831059797
0.39872271766828943	0.6012772823317228
0.39872271766828943	0.6012772823317228
0.39872271766828943	0.6012772823317228
0.39872271766828943	0.6012772823317228
0.39872271766828943	0.6012772823317228
0.6172137070053867	0.38278629299462535
0.6567602503734038	0.34323974962660697
0.32198218943741996	0.6780178105625929
0.39872271766828943	0.6012772823317228
0.39872271766828943	0.6012772823317228
0.39872271766828943	0.6012772823317228
0.39872271766828943	0.6012772823317228
0.39872271766828943	0.6012772823317228
0.6723121466012186	0.3276878533987929
0.39872271766828943	0.6012772823317228
0.39872271766828943	0.6012772823317228
0.39872271766828943	0.6012772823317228
0.353214414230085	0.6467855857699267
0.39872271766828943	0.6012772823317228
0.39872271766828943	0.6012772823317228
0.39872271766828943	0.6012772823317228
0.39872271766828943	0.6012772823317228
0.6087376427445681	0.3912623572554438
0.39872271766828943	0.6012772823317228
0.6639976275581149	0.33600237244189646
0.6699285182472287	0.3300714817527842
0.39872271766828943	0.6012772823317228
0.6261661205585968	0.3738338794414151
0.39872271766828943	0.6012772823317228
0.6217999168940316	0.3782000831059797
0.39872271766828943	0.6012772823317228
0.39872271766828943	0.6012772823317228
0.333494660276403	0.6665053397236105
0.6306454316060904	0.36935456839392167
0.39872271766828943	0.6012772823317228
0.6176129567410262	0.3823870432589856
0.39872271766828943	0.6012772823317228
0.606913269094515	0.3930867309054974
0.38321167392588723	0.6167883260741245
0.39872271766828943	0.6012772823317228
0.39872271766828943	0.6012772823317228
0.39872271766828943	0.6012772823317228
0.3930867309054993	0.6069132690945134
0.32827966932239694	0.6717203306776167
0.60429240862437	0.3957075913756416
0.39872271766828943	0.6012772823317228
0.6527524602249127	0.34724753977509887
0.39872271766828943	0.6012772823317228
0.6012772823317216	0.39872271766829115
0.39872271766828943	0.6012772823317228
0.39872271766828943	0.6012772823317228
0.39872271766828943	0.6012772823317228
0.39872271766828943	0.6012772823317228
0.6351772137642795	0.3648227862357335
0.39872271766828943	0.6012772823317228
0.39872271766828943	0.6012772823317228
0.39872271766828943	0.6012772823317228
0.6772718702112928	0.3227281297887206
0.39872271766828943	0.6012772823317228
0.3863213699849342	0.6136786300150785
0.39872271766828943	0.6012772823317228
0.39872271766828943	0.6012772823317228
0.6012772823317216	0.39872271766829115
0.6023560818404357	0.39764391815957634
0.6723121466012186	0.3276878533987929
