0.8151573557819223	0.18484264421809324
0.8017782670598617	0.19822173294015233
0.8017782670598617	0.19822173294015233
0.7656813711738545	0.2343186288261601
0.7656813711738545	0.2343186288261601
0.8017782670598617	0.19822173294015233
0.8286056007297253	0.1713943992702896
0.9576573557667746	0.04234264423324101
0.7520756506265288	0.24792434937348568
0.04375534053045699	0.956244659469557
0.2479243493734855	0.7520756506265291
0.8674295915066914	0.13257040849332205
0.9355346624908643	0.06446533750915061
0.09670235580040372	0.9032976441996101
0.2479243493734855	0.7520756506265291
0.2479243493734855	0.7520756506265291
0.22824688502101248	0.7717531149790022
0.9112261540144778	0.08877384598553638
0.9283462542296009	0.07165374577041467
0.2479243493734855	0.7520756506265291
0.05938637319687804	0.940613626803136
0.2479243493734855	0.7520756506265291
0.9566602893827841	0.043339710617231395
0.2479243493734855	0.7520756506265291
0.8151573557819223	0.18484264421809324
0.2479243493734855	0.7520756506265291
0.8548906478226077	0.14510935217740734
0.2479243493734855	0.7520756506265291
0.2479243493734855	0.7520756506265291
0.2479243493734855	0.7520756506265291
0.8794152631335171	0.12058473686649814
0.11205381868833866	0.8879461813116758
0.2479243493734855	0.7520756506265291
0.7571104317379282	0.24288956826208624
0.2479243493734855	0.7520756506265291
0.7571104317379282	0.24288956826208624
0.2479243493734855	0.7520756506265291
0.2479243493734855	0.7520756506265291
0.2479243493734855	0.7520756506265291
0.2479243493734855	0.7520756506265291
0.2479243493734855	0.7520756506265291
0.23198113989883656	0.7680188601011777
0.2479243493734855	0.7520756506265291
0.2479243493734855	0.7520756506265291
0.8419054741057052	0.15809452589430925
0.23670213786224947	0.7632978621377653
0.2479243493734855	0.7520756506265291
0.2286510294994794	0.771348970500534
0.2123630693732657	0.7876369306267499
0.8419054741057052	0.15809452589430925
0.2479243493734855	0.7520756506265291
0.2479243493734855	0.7520756506265291
0.8907585056741102	0.10924149432590378
0.2479243493734855	0.7520756506265291
0.7887635928970279	0.21123640710298736
0.2479243493734855	0.7520756506265291
0.7874436460481591	0.21255635395185532
0.8286056007297253	0.1713943992702896
0.2479243493734855	0.7520756506265291
0.8881652290451834	0.11183477095483137
0.2479243493734855	0.7520756506265291
0.8151573557819223	0.18484264421809324
0.2479243493734855	0.7520756506265291
0.2479243493734855	0.7520756506265291
0.8674295915066914	0.13257040849332205
0.8548906478226077	0.14510935217740734
0.93344730379509	0.0665526962049244
0.9013837452548162	0.09861625474519788
0.7656813711738545	0.2343186288261601
0.7765294791646087	0.22347052083540622
0.8419054741057052	0.15809452589430925
0.8151573557819223	0.18484264421809324
0.7656813711738545	0.2343186288261601
0.9380507737615532	0.06194922623846037
0.17541567239169892	0.8245843276083161
0.8017782670598617	0.19822173294015233
0.7571104317379282	0.24288956826208624
0.21600502029226412	0.7839949797077506
0.2479243493734855	0.7520756506265291
0.8907585056741102	0.10924149432590378
0.2479243493734855	0.7520756506265291
0.2479243493734855	0.7520756506265291
0.2479243493734855	0.7520756506265291
0.044228585428461156	0.9557714145715521
0.8419054741057052	0.15809452589430925
0.7571104317379282	0.24288956826208624
0.2158482335447613	0.7841517664552539
0.9576573557667746	0.04234264423324101
0.8286056007297253	0.1713943992702896
0.2479243493734855	0.7520756506265291
0.2479243493734855	0.7520756506265291
0.2479243493734855	0.7520756506265291
0.2479243493734855	0.7520756506265291
0.1744258361731441	0.8255741638268708
0.9112261540144778	0.08877384598553638
0.2479243493734855	0.7520756506265291
0.2479243493734855	0.7520756506265291
0.2305499271466337	0.7694500728533803
0.2479243493734855	0.7520756506265291
0.2479243493734855	0.7520756506265291
0.2479243493734855	0.7520756506265291
0.9147234395237243	0.08527656047628906
0.2479243493734855	0.7520756506265291
0.8548906478226077	0.14510935217740734
0.9355346624908643	0.06446533750915061
0.7887635928970279	0.21123640710298736
0.7571104317379282	0.24288956826208624
0.2479243493734855	0.7520756506265291
0.2479243493734855	0.7520756506265291
0.8151573557819223	0.18484264421809324
0.05209053679401057	0.9479094632060034
0.2479243493734855	0.7520756506265291
0.9355346624908643	0.06446533750915061
0.9512660824260352	0.04873391757397832
0.9147234395237243	0.08527656047628906
0.7887635928970279	0.21123640710298736
0.2479243493734855	0.7520756506265291
0.2479243493734855	0.7520756506265291
0.2479243493734855	0.7520756506265291
0.9566602893827841	0.043339710617231395
0.2479243493734855	0.7520756506265291
0.2479243493734855	0.7520756506265291
0.2479243493734855	0.7520756506265291
0.2479243493734855	0.7520756506265291
0.2479243493734855	0.7520756506265291
0.7765294791646087	0.22347052083540622
0.2479243493734855	0.7520756506265291
0.8151573557819223	0.18484264421809324
0.2479243493734855	0.7520756506265291
0.2479243493734855	0.7520756506265291
0.2479243493734855	0.7520756506265291
0.04483841465608272	0.9551615853439326
0.9469908019613846	0.053009198038630176
0.8548906478226077	0.14510935217740734
0.1297632032040626	0.8702367967959528
0.14333553219506964	0.8566644678049433
0.2479243493734855	0.7520756506265291
0.2479243493734855	0.7520756506265291
0.2479243493734855	0.7520756506265291
0.2479243493734855	0.7520756506265291
0.7887635928970279	0.21123640710298736
0.2479243493734855	0.7520756506265291
0.9469908019613846	0.053009198038630176
0.9546399328883699	0.045360067111643775
0.9492920669905839	0.05070793300943012
0.2479243493734855	0.7520756506265291
0.7571104317379282	0.24288956826208624
0.2479243493734855	0.7520756506265291
0.1890746768485696	0.8109253231514457
0.8017782670598617	0.19822173294015233
0.922838711968709	0.07716128803130491
0.11295230644592535	0.8870476935540883
0.2479243493734855	0.7520756506265291
0.2479243493734855	0.7520756506265291
0.05980303672848597	0.9401969632715317
0.9327664644519501	0.0672335355480644
0.7571104317379282	0.24288956826208624
0.2479243493734855	0.7520756506265291
0.9566602893827841	0.043339710617231395
0.2479243493734855	0.7520756506265291
0.8419054741057052	0.15809452589430925
0.8286056007297253	0.1713943992702896
0.8151573557819223	0.18484264421809324
0.2479243493734855	0.7520756506265291
0.2479243493734855	0.7520756506265291
0.9565266226928533	0.043473377307161
0.7887635928970279	0.21123640710298736
0.8151573557819223	0.18484264421809324
0.2479243493734855	0.7520756506265291
0.21123640710298755	0.7887635928970272
0.8548906478226077	0.14510935217740734
0.7520756506265288	0.24792434937348568
0.14691310799921775	0.8530868920007963
0.2479243493734855	0.7520756506265291
0.7520756506265288	0.24792434937348568
0.2479243493734855	0.7520756506265291
0.9368947775677154	0.06310522243230003
0.2479243493734855	0.7520756506265291
0.2479243493734855	0.7520756506265291
0.2479243493734855	0.7520756506265291
0.2479243493734855	0.7520756506265291
0.7887635928970279	0.21123640710298736
0.2479243493734855	0.7520756506265291
0.2479243493734855	0.7520756506265291
0.2479243493734855	0.7520756506265291
0.9013837452548162	0.09861625474519788
0.7887635928970279	0.21123640710298736
0.7571104317379282	0.24288956826208624
0.7887635928970279	0.21123640710298736
0.2479243493734855	0.7520756506265291
0.7656813711738545	0.2343186288261601
0.2479243493734855	0.7520756506265291
0.9417592106168813	0.05824078938313304
0.1238087218937492	0.8761912781062657
0.2479243493734855	0.7520756506265291
0.2479243493734855	0.7520756506265291
0.2479243493734855	0.7520756506265291
0.2479243493734855	0.7520756506265291
0.2479243493734855	0.7520756506265291
0.2479243493734855	0.7520756506265291
0.7571104317379282	0.24288956826208624
0.7520756506265288	0.24792434937348568
0.2479243493734855	0.7520756506265291
0.2123630693732657	0.7876369306267499
0.8286056007297253	0.1713943992702896
0.2479243493734855	0.7520756506265291
0.2479243493734855	0.7520756506265291
0.9013837452548162	0.09861625474519788
0.22824688502101248	0.7717531149790022
0.2479243493734855	0.7520756506265291
0.8286056007297253	0.1713943992702896
0.05590463855590313	0.9440953614441103
0.2479243493734855	0.7520756506265291
0.2479243493734855	0.7520756506265291
0.9512063094669165	0.04879369053309727
0.2479243493734855	0.7520756506265291
0.2479243493734855	0.7520756506265291
0.2479243493734855	0.7520756506265291
0.10586463752638739	0.8941353624736261
0.2479243493734855	0.7520756506265291
0.2479243493734855	0.7520756506265291
0.8017782670598617	0.19822173294015233
0.7765294791646087	0.22347052083540622
0.7765294791646087	0.22347052083540622
0.2210617676084467	0.7789382323915665
0.2479243493734855	0.7520756506265291
0.2479243493734855	0.7520756506265291
0.1451093521774076	0.854890647822607
0.2479243493734855	0.7520756506265291
0.8286056007297253	0.1713943992702896
0.2479243493734855	0.7520756506265291
0.8017782670598617	0.19822173294015233
0.9462145320182762	0.05378546798173784
0.9476279464744227	0.05237205352559149
0.23270821514098156	0.7672917848590335
0.2479243493734855	0.7520756506265291
0.21727079064080596	0.7827292093592084
0.2428895682620863	0.757110431737928
0.22403398805121036	0.7759660119488045
0.8907585056741102	0.10924149432590378
0.2479243493734855	0.7520756506265291
0.7571104317379282	0.24288956826208624
0.2479243493734855	0.7520756506265291
0.03814977362554145	0.961850226374473
0.7656813711738545	0.2343186288261601
0.9427045774911484	0.057295422508866
0.17139439927028988	0.8286056007297249
0.21600502029226412	0.7839949797077506
0.9202297693815592	0.07977023061845567
0.2479243493734855	0.7520756506265291
0.7765294791646087	0.22347052083540622
0.21416149033238255	0.7858385096676315
0.9476789087278694	0.052321091272144786
0.2479243493734855	0.7520756506265291
0.9283462542296009	0.07165374577041467
0.22899356458529715	0.7710064354147164
0.2479243493734855	0.7520756506265291
0.7940437964487644	0.2059562035512491
0.2479243493734855	0.7520756506265291
0.2479243493734855	0.7520756506265291
0.2479243493734855	0.7520756506265291
0.2479243493734855	0.7520756506265291
0.2479243493734855	0.7520756506265291
0.2479243493734855	0.7520756506265291
0.048351452677829185	0.9516485473221867
0.2479243493734855	0.7520756506265291
0.1848426442180935	0.815157355781922
0.8151573557819223	0.18484264421809324
0.20184428187619413	0.7981557181238207
0.1663542956150535	0.8336457043849616
0.20396530697790877	0.7960346930221056
0.8548906478226077	0.14510935217740734
0.8151573557819223	0.18484264421809324
0.2479243493734855	0.7520756506265291
0.7887635928970279	0.21123640710298736
0.2479243493734855	0.7520756506265291
0.9492360263050641	0.05076397369494729
0.911196222928781	0.08880377707123416
0.2479243493734855	0.7520756506265291
0.2479243493734855	0.7520756506265291
0.7520756506265288	0.24792434937348568
0.2479243493734855	0.7520756506265291
0.9417592106168813	0.05824078938313304
0.9512063094669165	0.04879369053309727
0.22347052083540625	0.7765294791646085
0.2479243493734855	0.7520756506265291
0.7887635928970279	0.21123640710298736
0.7656813711738545	0.2343186288261601
0.2479243493734855	0.7520756506265291
0.8794152631335171	0.12058473686649814
0.8151573557819223	0.18484264421809324
0.8907585056741102	0.10924149432590378
0.2479243493734855	0.7520756506265291
0.2479243493734855	0.7520756506265291
0.13691815311068484	0.8630818468893293
0.8907585056741102	0.10924149432590378
0.2479243493734855	0.7520756506265291
0.2296948094466882	0.7703051905533267
0.8674295915066914	0.13257040849332205
0.7887635928970279	0.21123640710298736
0.07977023061845603	0.9202297693815588
0.9566602893827841	0.043339710617231395
0.8151573557819223	0.18484264421809324
0.2479243493734855	0.7520756506265291
0.2479243493734855	0.7520756506265291
0.9469908019613846	0.053009198038630176
0.2479243493734855	0.7520756506265291
0.9576156299015504	0.04238437009846337
0.20675098343408196	0.7932490165659329
0.2479243493734855	0.7520756506265291
0.9238320939337876	0.07616790606622495
0.2210617676084467	0.7789382323915665
0.19663056860190153	0.8033694313981135
0.2479243493734855	0.7520756506265291
0.7887635928970279	0.21123640710298736
0.1848426442180935	0.815157355781922
0.2479243493734855	0.7520756506265291
0.2479243493734855	0.7520756506265291
0.8286056007297253	0.1713943992702896
0.7656813711738545	0.2343186288261601
0.9202297693815592	0.07977023061845567
0.2479243493734855	0.7520756506265291
0.06345819306393409	0.9365418069360785
0.10970631434095038	0.8902936856590632
0.2479243493734855	0.7520756506265291
0.9013837452548162	0.09861625474519788
0.2479243493734855	0.7520756506265291
0.18464460977918346	0.8153553902208311
0.2479243493734855	0.7520756506265291
0.2479243493734855	0.7520756506265291
0.1112038824169577	0.8887961175830569
0.2479243493734855	0.7520756506265291
0.2479243493734855	0.7520756506265291
0.7520756506265288	0.24792434937348568
0.9627022193128788	0.03729778068713609
0.8017782670598617	0.19822173294015233
0.1744258361731441	0.8255741638268708
0.16078243272602488	0.8392175672739904
0.040722384549140414	0.9592776154508746
0.9512063094669165	0.04879369053309727
0.8548906478226077	0.14510935217740734
0.9538954259872058	0.04610457401280766
0.2479243493734855	0.7520756506265291
0.2479243493734855	0.7520756506265291
0.2479243493734855	0.7520756506265291
0.2479243493734855	0.7520756506265291
0.2479243493734855	0.7520756506265291
0.2479243493734855	0.7520756506265291
0.7520756506265288	0.24792434937348568
0.19663056860190153	0.8033694313981135
0.21499222569722592	0.7850077743027888
0.2479243493734855	0.7520756506265291
0.7656813711738545	0.2343186288261601
0.2479243493734855	0.7520756506265291
0.9417592106168813	0.05824078938313304
0.040625332963747623	0.959374667036268
0.2479243493734855	0.7520756506265291
0.7887635928970279	0.21123640710298736
0.2479243493734855	0.7520756506265291
0.11501435872603064	0.8849856412739836
0.9283462542296009	0.07165374577041467
0.2479243493734855	0.7520756506265291
0.2479243493734855	0.7520756506265291
0.2479243493734855	0.7520756506265291
0.8286056007297253	0.1713943992702896
0.9189376799789217	0.08106232002109434
0.1687223624848102	0.8312776375152038
0.8548906478226077	0.14510935217740734
0.2479243493734855	0.7520756506265291
0.061678853768504995	0.9383211462315089
0.8286056007297253	0.1713943992702896
0.7887635928970279	0.21123640710298736
0.7765294791646087	0.22347052083540622
0.9283462542296009	0.07165374577041467
0.8674295915066914	0.13257040849332205
0.2479243493734855	0.7520756506265291
0.2479243493734855	0.7520756506265291
0.07165374577041497	0.9283462542296004
0.2479243493734855	0.7520756506265291
0.2479243493734855	0.7520756506265291
0.9013837452548162	0.09861625474519788
0.2479243493734855	0.7520756506265291
0.9565266226928533	0.043473377307161
0.9561214489573939	0.04387855104262104
0.08877384598553664	0.9112261540144777
0.8548906478226077	0.14510935217740734
0.9543885955755758	0.04561140442443712
0.2479243493734855	0.7520756506265291
0.2479243493734855	0.7520756506265291
0.2479243493734855	0.7520756506265291
0.8017782670598617	0.19822173294015233
0.2479243493734855	0.7520756506265291
0.8548906478226077	0.14510935217740734
0.2479243493734855	0.7520756506265291
0.1451093521774076	0.854890647822607
0.7520756506265288	0.24792434937348568
0.2479243493734855	0.7520756506265291
0.8017782670598617	0.19822173294015233
0.2479243493734855	0.7520756506265291
0.22347052083540625	0.7765294791646085
0.2479243493734855	0.7520756506265291
0.2479243493734855	0.7520756506265291
0.9546399328883699	0.045360067111643775
0.2479243493734855	0.7520756506265291
0.14333553219506964	0.8566644678049433
0.2479243493734855	0.7520756506265291
0.8286056007297253	0.1713943992702896
0.2479243493734855	0.7520756506265291
0.2479243493734855	0.7520756506265291
0.23093829756282497	0.7690617024371897
0.8907585056741102	0.10924149432590378
0.2479243493734855	0.7520756506265291
0.9417592106168813	0.05824078938313304
0.8907585056741102	0.10924149432590378
0.8017782670598617	0.19822173294015233
0.2479243493734855	0.7520756506265291
0.9469908019613846	0.053009198038630176
0.2479243493734855	0.7520756506265291
0.06500658262789762	0.9349934173721166
0.8674295915066914	0.13257040849332205
0.2479243493734855	0.7520756506265291
0.2479243493734855	0.7520756506265291
0.09085647988457769	0.9091435201154368
0.9202297693815592	0.07977023061845567
0.2479243493734855	0.7520756506265291
0.8151573557819223	0.18484264421809324
0.20017779060891983	0.7998222093910946
0.8419054741057052	0.15809452589430925
0.2479243493734855	0.7520756506265291
0.2479243493734855	0.7520756506265291
0.7571104317379282	0.24288956826208624
0.8017782670598617	0.19822173294015233
0.7571104317379282	0.24288956826208624
0.8447912316448349	0.15520876835517988
0.9576156299015504	0.04238437009846337
0.7656813711738545	0.2343186288261601
0.2479243493734855	0.7520756506265291
0.9427045774911484	0.057295422508866
0.7571104317379282	0.24288956826208624
0.2479243493734855	0.7520756506265291
0.2479243493734855	0.7520756506265291
0.8548906478226077	0.14510935217740734
0.2479243493734855	0.7520756506265291
0.2479243493734855	0.7520756506265291
0.7765294791646087	0.22347052083540622
0.1011627273473106	0.898837272652703
0.7656813711738545	0.2343186288261601
0.8907585056741102	0.10924149432590378
0.2479243493734855	0.7520756506265291
0.17793770737919917	0.8220622926208139
0.19330292935733304	0.8066970706426813
0.2479243493734855	0.7520756506265291
0.2479243493734855	0.7520756506265291
0.2479243493734855	0.7520756506265291
0.8419054741057052	0.15809452589430925
0.8286056007297253	0.1713943992702896
0.0634233466755356	0.9365766533244778
0.2479243493734855	0.7520756506265291
0.2479243493734855	0.7520756506265291
0.2479243493734855	0.7520756506265291
0.15492027311244355	0.8450797268875712
0.2479243493734855	0.7520756506265291
0.2479243493734855	0.7520756506265291
0.7656813711738545	0.2343186288261601
0.8794152631335171	0.12058473686649814
0.2479243493734855	0.7520756506265291
0.2479243493734855	0.7520756506265291
0.2479243493734855	0.7520756506265291
0.2479243493734855	0.7520756506265291
0.8548906478226077	0.14510935217740734
0.8151573557819223	0.18484264421809324
0.7765294791646087	0.22347052083540622
0.7571104317379282	0.24288956826208624
0.2479243493734855	0.7520756506265291
0.8489776956906183	0.15102230430939628
0.9417592106168813	0.05824078938313304
0.21053571737719584	0.789464282622818
0.7571104317379282	0.24288956826208624
0.7887635928970279	0.21123640710298736
0.2479243493734855	0.7520756506265291
0.2479243493734855	0.7520756506265291
0.7571104317379282	0.24288956826208624
0.7656813711738545	0.2343186288261601
0.8674295915066914	0.13257040849332205
0.2479243493734855	0.7520756506265291
0.7656813711738545	0.2343186288261601
0.7765294791646087	0.22347052083540622
0.9013837452548162	0.09861625474519788
0.7887635928970279	0.21123640710298736
0.9543885955755758	0.04561140442443712
0.8056258595670437	0.19437414043297108
0.2479243493734855	0.7520756506265291
0.7685942350559077	0.23140576494410606
0.2479243493734855	0.7520756506265291
0.2479243493734855	0.7520756506265291
0.04347337730716132	0.956526622692853
0.2479243493734855	0.7520756506265291
0.2479243493734855	0.7520756506265291
0.2479243493734855	0.7520756506265291
0.09861625474519817	0.9013837452548155
0.2479243493734855	0.7520756506265291
0.2479243493734855	0.7520756506265291
0.2479243493734855	0.7520756506265291
0.2479243493734855	0.7520756506265291
0.8151573557819223	0.18484264421809324
0.2479243493734855	0.7520756506265291
0.8151573557819223	0.18484264421809324
0.2479243493734855	0.7520756506265291
0.7765294791646087	0.22347052083540622
0.8419054741057052	0.15809452589430925
0.2479243493734855	0.7520756506265291
0.7520756506265288	0.24792434937348568
0.2479243493734855	0.7520756506265291
0.7765294791646087	0.22347052083540622
0.7765294791646087	0.22347052083540622
0.2479243493734855	0.7520756506265291
0.8017782670598617	0.19822173294015233
0.7656813711738545	0.2343186288261601
0.8419054741057052	0.15809452589430925
0.8794152631335171	0.12058473686649814
0.9543885955755758	0.04561140442443712
0.2479243493734855	0.7520756506265291
0.2479243493734855	0.7520756506265291
0.8907585056741102	0.10924149432590378
0.2479243493734855	0.7520756506265291
0.2479243493734855	0.7520756506265291
0.2479243493734855	0.7520756506265291
0.7571104317379282	0.24288956826208624
0.2479243493734855	0.7520756506265291
0.2479243493734855	0.7520756506265291
0.2479243493734855	0.7520756506265291
0.7520756506265288	0.24792434937348568
0.9512063094669165	0.04879369053309727
0.7765294791646087	0.22347052083540622
0.2479243493734855	0.7520756506265291
0.7887635928970279	0.21123640710298736
0.2479243493734855	0.7520756506265291
0.2479243493734855	0.7520756506265291
0.7571104317379282	0.24288956826208624
0.2479243493734855	0.7520756506265291
0.07365503689696813	0.9263449631030479
0.2479243493734855	0.7520756506265291
0.2479243493734855	0.7520756506265291
0.2479243493734855	0.7520756506265291
0.2479243493734855	0.7520756506265291
0.7571104317379282	0.24288956826208624
0.9565266226928533	0.043473377307161
0.06970868537109283	0.9302913146289212
0.1580945258943095	0.8419054741057046
0.14333553219506964	0.8566644678049433
0.8996818984483519	0.10031810155166344
0.8055048321761846	0.19449516782383056
0.2479243493734855	0.7520756506265291
0.8548906478226077	0.14510935217740734
0.9202297693815592	0.07977023061845567
0.046580834248505745	0.9534191657515054
0.08231992349278128	0.9176800765072335
0.2479243493734855	0.7520756506265291
0.2479243493734855	0.7520756506265291
0.7887635928970279	0.21123640710298736
0.8017782670598617	0.19822173294015233
0.2479243493734855	0.7520756506265291
0.2479243493734855	0.7520756506265291
0.15697247334842962	0.8430275266515852
0.055374975385748045	0.9446250246142662
0.07808534004865202	0.9219146599513622
0.8674295915066914	0.13257040849332205
0.20184428187619413	0.7981557181238207
0.8017782670598617	0.19822173294015233
0.9516190589465705	0.048380941053445266
0.2479243493734855	0.7520756506265291
0.17139439927028988	0.8286056007297249
0.2479243493734855	0.7520756506265291
0.7520756506265288	0.24792434937348568
0.8907585056741102	0.10924149432590378
0.2479243493734855	0.7520756506265291
0.2479243493734855	0.7520756506265291
0.2479243493734855	0.7520756506265291
0.8794152631335171	0.12058473686649814
0.7765294791646087	0.22347052083540622
0.2479243493734855	0.7520756506265291
0.7571104317379282	0.24288956826208624
0.2479243493734855	0.7520756506265291
0.12199011636007642	0.8780098836399353
0.23093829756282497	0.7690617024371897
0.2479243493734855	0.7520756506265291
0.2479243493734855	0.7520756506265291
0.9355346624908643	0.06446533750915061
0.10568418729743351	0.8943158127025808
0.2479243493734855	0.7520756506265291
0.2479243493734855	0.7520756506265291
0.2479243493734855	0.7520756506265291
0.8017782670598617	0.19822173294015233
0.2479243493734855	0.7520756506265291
0.14191760817916002	0.8580823918208538
0.08739918113596343	0.9126008188640526
0.23923792018403625	0.7607620798159782
0.2479243493734855	0.7520756506265291
0.2479243493734855	0.7520756506265291
0.2479243493734855	0.7520756506265291
0.2479243493734855	0.7520756506265291
0.2479243493734855	0.7520756506265291
0.2479243493734855	0.7520756506265291
0.7765294791646087	0.22347052083540622
0.8286056007297253	0.1713943992702896
0.2479243493734855	0.7520756506265291
0.2479243493734855	0.7520756506265291
0.7765294791646087	0.22347052083540622
0.9250173784597275	0.07498262154028727
0.7520756506265288	0.24792434937348568
0.8794152631335171	0.12058473686649814
0.2479243493734855	0.7520756506265291
0.8017782670598617	0.19822173294015233
0.2479243493734855	0.7520756506265291
0.041814028526177646	0.9581859714738377
0.8907585056741102	0.10924149432590378
0.2479243493734855	0.7520756506265291
0.9013837452548162	0.09861625474519788
0.8634430765172667	0.13655692348274803
0.2479243493734855	0.7520756506265291
0.2479243493734855	0.7520756506265291
0.7887635928970279	0.21123640710298736
0.10924149432590409	0.8907585056741101
0.8419054741057052	0.15809452589430925
0.18261894528540368	0.8173810547146112
0.2479243493734855	0.7520756506265291
0.2479243493734855	0.7520756506265291
0.17524396407507808	0.8247560359249357
0.9013837452548162	0.09861625474519788
0.7887635928970279	0.21123640710298736
0.7656813711738545	0.2343186288261601
0.7887635928970279	0.21123640710298736
0.2479243493734855	0.7520756506265291
0.2479243493734855	0.7520756506265291
0.18754583874100128	0.8124541612590135
0.2479243493734855	0.7520756506265291
0.2479243493734855	0.7520756506265291
0.2479243493734855	0.7520756506265291
0.7765294791646087	0.22347052083540622
0.14191760817916002	0.8580823918208538
0.9013837452548162	0.09861625474519788
0.17139439927028988	0.8286056007297249
0.8151573557819223	0.18484264421809324
0.2479243493734855	0.7520756506265291
0.2479243493734855	0.7520756506265291
0.9586758913424603	0.04132410865755228
0.2479243493734855	0.7520756506265291
0.2479243493734855	0.7520756506265291
0.9355346624908643	0.06446533750915061
0.9512063094669165	0.04879369053309727
0.12365610956498328	0.8763438904350314
0.7765294791646087	0.22347052083540622
0.2479243493734855	0.7520756506265291
0.8151573557819223	0.18484264421809324
0.2479243493734855	0.7520756506265291
0.7765294791646087	0.22347052083540622
0.2479243493734855	0.7520756506265291
0.8419054741057052	0.15809452589430925
0.2479243493734855	0.7520756506265291
0.2479243493734855	0.7520756506265291
0.2479243493734855	0.7520756506265291
0.9543885955755758	0.04561140442443712
0.8794152631335171	0.12058473686649814
0.9393912633440207	0.06060873665599389
0.2479243493734855	0.7520756506265291
0.2479243493734855	0.7520756506265291
0.1275929648647016	0.8724070351353128
0.2479243493734855	0.7520756506265291
0.20675098343408196	0.7932490165659329
0.2479243493734855	0.7520756506265291
0.2479243493734855	0.7520756506265291
0.06446533750915093	0.9355346624908638
0.8286056007297253	0.1713943992702896
0.7765294791646087	0.22347052083540622
0.2349291925305724	0.7650708074694426
0.9546399328883699	0.045360067111643775
0.7887635928970279	0.21123640710298736
0.7656813711738545	0.2343186288261601
0.2479243493734855	0.7520756506265291
0.8665485238841866	0.133451476115827
0.2479243493734855	0.7520756506265291
0.7765294791646087	0.22347052083540622
0.7887635928970279	0.21123640710298736
0.8151573557819223	0.18484264421809324
0.7520756506265288	0.24792434937348568
0.2479243493734855	0.7520756506265291
0.2479243493734855	0.7520756506265291
0.2479243493734855	0.7520756506265291
0.8151573557819223	0.18484264421809324
0.044228585428461156	0.9557714145715521
0.2479243493734855	0.7520756506265291
0.2479243493734855	0.7520756506265291
0.7571104317379282	0.24288956826208624
0.2479243493734855	0.7520756506265291
0.12365610956498328	0.8763438904350314
0.8674295915066914	0.13257040849332205
0.8419054741057052	0.15809452589430925
0.2479243493734855	0.7520756506265291
0.7520756506265288	0.24792434937348568
0.9565266226928533	0.043473377307161
0.8151573557819223	0.18484264421809324
0.2479243493734855	0.7520756506265291
0.2479243493734855	0.7520756506265291
0.17541567239169892	0.8245843276083161
0.8017782670598617	0.19822173294015233
0.8794152631335171	0.12058473686649814
0.7520756506265288	0.24792434937348568
0.2479243493734855	0.7520756506265291
0.7765294791646087	0.22347052083540622
0.2479243493734855	0.7520756506265291
0.7656813711738545	0.2343186288261601
0.2479243493734855	0.7520756506265291
0.9219905183987098	0.07800948160130457
0.2479243493734855	0.7520756506265291
0.2479243493734855	0.7520756506265291
0.7520756506265288	0.24792434937348568
0.2479243493734855	0.7520756506265291
0.7520756506265288	0.24792434937348568
0.7656813711738545	0.2343186288261601
0.2479243493734855	0.7520756506265291
0.18058986728442658	0.8194101327155877
0.21416149033238255	0.7858385096676315
0.2479243493734855	0.7520756506265291
0.2479243493734855	0.7520756506265291
0.8151573557819223	0.18484264421809324
0.8286056007297253	0.1713943992702896
0.2479243493734855	0.7520756506265291
0.2479243493734855	0.7520756506265291
0.8419054741057052	0.15809452589430925
0.2479243493734855	0.7520756506265291
0.8674295915066914	0.13257040849332205
0.20675098343408196	0.7932490165659329
0.2479243493734855	0.7520756506265291
0.8286056007297253	0.1713943992702896
0.9355346624908643	0.06446533750915061
0.8419054741057052	0.15809452589430925
0.2479243493734855	0.7520756506265291
0.8772419347901466	0.1227580652098684
0.2479243493734855	0.7520756506265291
0.05938637319687804	0.940613626803136
0.2479243493734855	0.7520756506265291
0.041540797970593304	0.9584592020294219
0.1687223624848102	0.8312776375152038
0.2479243493734855	0.7520756506265291
0.2479243493734855	0.7520756506265291
0.2188989363091215	0.781101063690893
0.9112261540144778	0.08877384598553638
0.2479243493734855	0.7520756506265291
0.8151573557819223	0.18484264421809324
0.8907585056741102	0.10924149432590378
0.8026910603959025	0.19730893960411286
0.2349291925305724	0.7650708074694426
0.2479243493734855	0.7520756506265291
0.11720987774699791	0.8827901222530161
0.2479243493734855	0.7520756506265291
0.2479243493734855	0.7520756506265291
0.2479243493734855	0.7520756506265291
0.2479243493734855	0.7520756506265291
0.7571104317379282	0.24288956826208624
0.2479243493734855	0.7520756506265291
0.23923792018403625	0.7607620798159782
0.19663056860190153	0.8033694313981135
0.2479243493734855	0.7520756506265291
0.1580945258943095	0.8419054741057046
0.8017782670598617	0.19822173294015233
0.2479243493734855	0.7520756506265291
0.2479243493734855	0.7520756506265291
0.2479243493734855	0.7520756506265291
0.9516190589465705	0.048380941053445266
0.8674295915066914	0.13257040849332205
0.2479243493734855	0.7520756506265291
0.2479243493734855	0.7520756506265291
0.2479243493734855	0.7520756506265291
0.2479243493734855	0.7520756506265291
0.9283462542296009	0.07165374577041467
0.7571104317379282	0.24288956826208624
0.2479243493734855	0.7520756506265291
0.2479243493734855	0.7520756506265291
0.2479243493734855	0.7520756506265291
0.7520756506265288	0.24792434937348568
0.2479243493734855	0.7520756506265291
0.8548906478226077	0.14510935217740734
0.2479243493734855	0.7520756506265291
0.8907585056741102	0.10924149432590378
0.8437901963221497	0.15620980367786472
0.2479243493734855	0.7520756506265291
0.10636095816270989	0.893639041837303
0.7520756506265288	0.24792434937348568
0.8077615545534795	0.19223844544653593
0.922838711968709	0.07716128803130491
0.7656813711738545	0.2343186288261601
0.8017782670598617	0.19822173294015233
0.2479243493734855	0.7520756506265291
0.7887635928970279	0.21123640710298736
0.2479243493734855	0.7520756506265291
0.2479243493734855	0.7520756506265291
0.05824078938313333	0.9417592106168807
0.2479243493734855	0.7520756506265291
0.2479243493734855	0.7520756506265291
0.2479243493734855	0.7520756506265291
0.1744258361731441	0.8255741638268708
0.22347052083540625	0.7765294791646085
0.8794152631335171	0.12058473686649814
0.8151573557819223	0.18484264421809324
0.2479243493734855	0.7520756506265291
0.2479243493734855	0.7520756506265291
0.2479243493734855	0.7520756506265291
0.8674295915066914	0.13257040849332205
0.2479243493734855	0.7520756506265291
0.2479243493734855	0.7520756506265291
0.17541567239169892	0.8245843276083161
0.9283462542296009	0.07165374577041467
0.2479243493734855	0.7520756506265291
0.20017779060891983	0.7998222093910946
0.8674295915066914	0.13257040849332205
0.05714039187749769	0.9428596081225156
0.2479243493734855	0.7520756506265291
0.8419054741057052	0.15809452589430925
0.2479243493734855	0.7520756506265291
0.7656813711738545	0.2343186288261601
0.9283462542296009	0.07165374577041467
0.2479243493734855	0.7520756506265291
0.7571104317379282	0.24288956826208624
0.2479243493734855	0.7520756506265291
0.9476279464744227	0.05237205352559149
0.2479243493734855	0.7520756506265291
0.9355346624908643	0.06446533750915061
0.2479243493734855	0.7520756506265291
0.19663056860190153	0.8033694313981135
0.7765294791646087	0.22347052083540622
0.9283462542296009	0.07165374577041467
0.8907585056741102	0.10924149432590378
0.2479243493734855	0.7520756506265291
0.7571104317379282	0.24288956826208624
0.2479243493734855	0.7520756506265291
0.9283462542296009	0.07165374577041467
0.18876564514637062	0.8112343548536425
0.8017782670598617	0.19822173294015233
0.1890746768485696	0.8109253231514457
0.2479243493734855	0.7520756506265291
0.8907585056741102	0.10924149432590378
0.2479243493734855	0.7520756506265291
0.8548906478226077	0.14510935217740734
0.17541567239169892	0.8245843276083161
0.2479243493734855	0.7520756506265291
0.2479243493734855	0.7520756506265291
0.2479243493734855	0.7520756506265291
0.0848833058976909	0.9151166941023227
0.2479243493734855	0.7520756506265291
0.2479243493734855	0.7520756506265291
0.8286056007297253	0.1713943992702896
0.2479243493734855	0.7520756506265291
0.2479243493734855	0.7520756506265291
0.7656813711738545	0.2343186288261601
0.7656813711738545	0.2343186288261601
0.8674295915066914	0.13257040849332205
0.2479243493734855	0.7520756506265291
0.7520756506265288	0.24792434937348568
0.11501435872603064	0.8849856412739836
0.2479243493734855	0.7520756506265291
0.09232757775537628	0.9076724222446381
0.7520756506265288	0.24792434937348568
0.7571104317379282	0.24288956826208624
0.8286056007297253	0.1713943992702896
0.8794152631335171	0.12058473686649814
0.2479243493734855	0.7520756506265291
0.2479243493734855	0.7520756506265291
0.2479243493734855	0.7520756506265291
0.9417009814264307	0.05829901857358386
0.8286056007297253	0.1713943992702896
0.7887635928970279	0.21123640710298736
0.9512063094669165	0.04879369053309727
0.2479243493734855	0.7520756506265291
0.07664844078562467	0.9233515592143904
0.8151573557819223	0.18484264421809324
0.8115334480297416	0.18846655197027246
0.8674295915066914	0.13257040849332205
0.7887635928970279	0.21123640710298736
0.9576156299015504	0.04238437009846337
0.9576573557667746	0.04234264423324101
0.2479243493734855	0.7520756506265291
0.2479243493734855	0.7520756506265291
0.9202297693815592	0.07977023061845567
0.7765294791646087	0.22347052083540622
0.2479243493734855	0.7520756506265291
0.2479243493734855	0.7520756506265291
0.9576573557667746	0.04234264423324101
0.8286056007297253	0.1713943992702896
0.7656813711738545	0.2343186288261601
0.2479243493734855	0.7520756506265291
0.2479243493734855	0.7520756506265291
0.9144706103638427	0.08552938963617208
0.8082505321299118	0.19174946787010202
0.7887635928970279	0.21123640710298736
0.8967023746688587	0.10329762533115723
0.8907585056741102	0.10924149432590378
0.7656813711738545	0.2343186288261601
0.17139439927028988	0.8286056007297249
0.922838711968709	0.07716128803130491
0.7607620798159778	0.23923792018403645
0.2479243493734855	0.7520756506265291
0.9283462542296009	0.07165374577041467
0.2479243493734855	0.7520756506265291
0.2479243493734855	0.7520756506265291
0.7571104317379282	0.24288956826208624
0.09104853400683356	0.9089514659931808
0.0488025269959344	0.9511974730040793
0.19230138327037516	0.8076986167296394
0.2479243493734855	0.7520756506265291
0.2479243493734855	0.7520756506265291
0.2479243493734855	0.7520756506265291
0.2479243493734855	0.7520756506265291
0.2479243493734855	0.7520756506265291
0.0940719570174511	0.9059280429825626
0.2479243493734855	0.7520756506265291
0.2479243493734855	0.7520756506265291
0.11295230644592535	0.8870476935540883
0.9112261540144778	0.08877384598553638
0.2479243493734855	0.7520756506265291
0.2479243493734855	0.7520756506265291
0.2479243493734855	0.7520756506265291
0.2479243493734855	0.7520756506265291
0.7765294791646087	0.22347052083540622
0.2479243493734855	0.7520756506265291
0.8419054741057052	0.15809452589430925
0.21153223741134122	0.7884677625886731
0.2479243493734855	0.7520756506265291
0.2479243493734855	0.7520756506265291
0.9576156299015504	0.04238437009846337
0.2479243493734855	0.7520756506265291
0.8907585056741102	0.10924149432590378
0.7656813711738545	0.2343186288261601
0.7765294791646087	0.22347052083540622
0.9546399328883699	0.045360067111643775
0.2479243493734855	0.7520756506265291
0.2299393024881327	0.7700606975118807
0.2479243493734855	0.7520756506265291
0.927236189953387	0.07276381004662769
0.2479243493734855	0.7520756506265291
0.8017782670598617	0.19822173294015233
0.08668663423507741	0.9133133657649379
0.8017782670598617	0.19822173294015233
0.2479243493734855	0.7520756506265291
0.8794152631335171	0.12058473686649814
0.2479243493734855	0.7520756506265291
0.7656813711738545	0.2343186288261601
0.9013837452548162	0.09861625474519788
0.2479243493734855	0.7520756506265291
0.8907585056741102	0.10924149432590378
0.7887635928970279	0.21123640710298736
0.13691815311068484	0.8630818468893293
0.7571104317379282	0.24288956826208624
0.23365501204880323	0.7663449879512113
0.2479243493734855	0.7520756506265291
0.2479243493734855	0.7520756506265291
0.2479243493734855	0.7520756506265291
0.880676771269747	0.11932322873026736
0.2479243493734855	0.7520756506265291
0.2479243493734855	0.7520756506265291
0.8017782670598617	0.19822173294015233
0.06589774842051119	0.9341022515795037
0.8376423181939405	0.1623576818060734
0.12431503174070943	0.8756849682593048
0.2479243493734855	0.7520756506265291
0.09471079781901313	0.9052892021810016
0.8905011715816198	0.10949882841839449
0.2479243493734855	0.7520756506265291
0.2479243493734855	0.7520756506265291
0.2479243493734855	0.7520756506265291
0.2479243493734855	0.7520756506265291
0.8869711111646934	0.11302888883532267
0.8398820461461607	0.16011795385385238
0.7887635928970279	0.21123640710298736
0.7887635928970279	0.21123640710298736
0.2479243493734855	0.7520756506265291
0.2479243493734855	0.7520756506265291
0.8151573557819223	0.18484264421809324
0.8168539824504892	0.1831460175495267
0.2479243493734855	0.7520756506265291
0.2479243493734855	0.7520756506265291
0.2479243493734855	0.7520756506265291
0.9013837452548162	0.09861625474519788
0.2479243493734855	0.7520756506265291
0.7765294791646087	0.22347052083540622
0.2479243493734855	0.7520756506265291
0.2479243493734855	0.7520756506265291
0.2479243493734855	0.7520756506265291
0.2479243493734855	0.7520756506265291
0.9202297693815592	0.07977023061845567
0.2479243493734855	0.7520756506265291
0.2479243493734855	0.7520756506265291
0.2479243493734855	0.7520756506265291
0.9427045774911484	0.057295422508866
0.2479243493734855	0.7520756506265291
0.22824688502101248	0.7717531149790022
0.2479243493734855	0.7520756506265291
0.96430837774444	0.035691622255573215
0.9355346624908643	0.06446533750915061
0.7765294791646087	0.22347052083540622
0.8548906478226077	0.14510935217740734
