0.4924100317495196	0.5075899682504907
0.4924100317495196	0.5075899682504907
0.4924100317495196	0.5075899682504907
0.4924100317495196	0.5075899682504907
0.4924100317495196	0.5075899682504907
0.4924100317495196	0.5075899682504907
0.4924100317495196	0.5075899682504907
0.4924100317495196	0.5075899682504907
0.4924100317495196	0.5075899682504907
0.4924100317495196	0.5075899682504907
0.4924100317495196	0.5075899682504907
0.540440808239344	0.4595591917606662
0.4924100317495196	0.5075899682504907
0.4924100317495196	0.5075899682504907
0.4924100317495196	0.5075899682504907
0.5119240664581078	0.4880759335419024
0.4924100317495196	0.5075899682504907
0.5183238396094091	0.48167616039060074
0.5102940727017775	0.48970592729823265
0.4924100317495196	0.5075899682504907
0.4924100317495196	0.5075899682504907
0.4924100317495196	0.5075899682504907
0.4924100317495196	0.5075899682504907
0.520806753341934	0.4791932466580753
0.4924100317495196	0.5075899682504907
0.4924100317495196	0.5075899682504907
0.4924100317495196	0.5075899682504907
0.5075899682504994	0.4924100317495109
0.4924100317495196	0.5075899682504907
0.4924100317495196	0.5075899682504907
0.4924100317495196	0.5075899682504907
0.4924100317495196	0.5075899682504907
0.5080771559363442	0.4919228440636667
0.4924100317495196	0.5075899682504907
0.4924100317495196	0.5075899682504907
0.4924100317495196	0.5075899682504907
0.4924100317495196	0.5075899682504907
0.5337938330492119	0.46620616695079753
0.4924100317495196	0.5075899682504907
0.4924100317495196	0.5075899682504907
0.5119240664581078	0.4880759335419024
0.4924100317495196	0.5075899682504907
0.4924100317495196	0.5075899682504907
0.4924100317495196	0.5075899682504907
0.4924100317495196	0.5075899682504907
0.4924100317495196	0.5075899682504907
0.5102940727017775	0.48970592729823265
0.4924100317495196	0.5075899682504907
0.4924100317495196	0.5075899682504907
0.4924100317495196	0.5075899682504907
0.4924100317495196	0.5075899682504907
0.4924100317495196	0.5075899682504907
0.4924100317495196	0.5075899682504907
0.4924100317495196	0.5075899682504907
0.4924100317495196	0.5075899682504907
0.5102940727017775	0.48970592729823265
0.4924100317495196	0.5075899682504907
0.4924100317495196	0.5075899682504907
0.4924100317495196	0.5075899682504907
0.4924100317495196	0.5075899682504907
0.4924100317495196	0.5075899682504907
0.4924100317495196	0.5075899682504907
0.4924100317495196	0.5075899682504907
0.4924100317495196	0.5075899682504907
0.4924100317495196	0.5075899682504907
0.4924100317495196	0.5075899682504907
0.4924100317495196	0.5075899682504907
0.4924100317495196	0.5075899682504907
0.4924100317495196	0.5075899682504907
0.4924100317495196	0.5075899682504907
0.4924100317495196	0.5075899682504907
0.4924100317495196	0.5075899682504907
0.5183238396094091	0.48167616039060074
0.508995821684072	0.4910041783159384
0.5183238396094091	0.48167616039060074
0.4924100317495196	0.5075899682504907
0.4924100317495196	0.5075899682504907
0.4924100317495196	0.5075899682504907
0.4924100317495196	0.5075899682504907
0.4924100317495196	0.5075899682504907
0.4924100317495196	0.5075899682504907
0.5159852300014555	0.4840147699985542
0.5075899682504994	0.4924100317495109
0.4924100317495196	0.5075899682504907
0.4924100317495196	0.5075899682504907
0.5138366415945239	0.48616335840548597
0.4924100317495196	0.5075899682504907
0.4924100317495196	0.5075899682504907
0.5075899682504994	0.4924100317495109
0.4924100317495196	0.5075899682504907
0.4924100317495196	0.5075899682504907
0.4924100317495196	0.5075899682504907
0.4924100317495196	0.5075899682504907
0.523388364090703	0.47661163590930655
0.4924100317495196	0.5075899682504907
0.4924100317495196	0.5075899682504907
0.4924100317495196	0.5075899682504907
0.4924100317495196	0.5075899682504907
0.4924100317495196	0.5075899682504907
0.4924100317495196	0.5075899682504907
0.4924100317495196	0.5075899682504907
0.4924100317495196	0.5075899682504907
0.4924100317495196	0.5075899682504907
0.4924100317495196	0.5075899682504907
0.4924100317495196	0.5075899682504907
0.4924100317495196	0.5075899682504907
0.4924100317495196	0.5075899682504907
0.4924100317495196	0.5075899682504907
0.4924100317495196	0.5075899682504907
0.4924100317495196	0.5075899682504907
0.5361912102916322	0.4638087897083786
0.4924100317495196	0.5075899682504907
0.4924100317495196	0.5075899682504907
0.5452745059850511	0.4547254940149572
0.4924100317495196	0.5075899682504907
0.4924100317495196	0.5075899682504907
0.4924100317495196	0.5075899682504907
0.4924100317495196	0.5075899682504907
0.4924100317495196	0.5075899682504907
0.5102940727017775	0.48970592729823265
0.4924100317495196	0.5075899682504907
0.4924100317495196	0.5075899682504907
0.4924100317495196	0.5075899682504907
0.4924100317495196	0.5075899682504907
0.4924100317495196	0.5075899682504907
0.523388364090703	0.47661163590930655
0.4924100317495196	0.5075899682504907
0.5075899682504994	0.4924100317495109
0.5080771559363442	0.4919228440636667
0.4924100317495196	0.5075899682504907
0.4924100317495196	0.5075899682504907
0.4924100317495196	0.5075899682504907
0.4924100317495196	0.5075899682504907
0.4924100317495196	0.5075899682504907
0.4924100317495196	0.5075899682504907
0.4924100317495196	0.5075899682504907
0.4924100317495196	0.5075899682504907
0.4924100317495196	0.5075899682504907
0.4924100317495196	0.5075899682504907
0.5286656287060608	0.47133437129395017
0.4924100317495196	0.5075899682504907
0.4924100317495196	0.5075899682504907
0.4924100317495196	0.5075899682504907
0.4924100317495196	0.5075899682504907
0.5159852300014555	0.4840147699985542
0.4924100317495196	0.5075899682504907
0.508995821684072	0.4910041783159384
0.4924100317495196	0.5075899682504907
0.5080771559363442	0.4919228440636667
0.4924100317495196	0.5075899682504907
0.4924100317495196	0.5075899682504907
0.4924100317495196	0.5075899682504907
0.4924100317495196	0.5075899682504907
0.4924100317495196	0.5075899682504907
0.4924100317495196	0.5075899682504907
0.5384204222982458	0.46157957770176483
0.4924100317495196	0.5075899682504907
0.4924100317495196	0.5075899682504907
0.520806753341934	0.4791932466580753
0.4924100317495196	0.5075899682504907
0.523388364090703	0.47661163590930655
0.4924100317495196	0.5075899682504907
0.5138366415945239	0.48616335840548597
0.4924100317495196	0.5075899682504907
0.49059990238358075	0.5094000976164291
0.4924100317495196	0.5075899682504907
0.4924100317495196	0.5075899682504907
0.5119240664581078	0.4880759335419024
0.5080771559363442	0.4919228440636667
0.4924100317495196	0.5075899682504907
0.4924100317495196	0.5075899682504907
0.4924100317495196	0.5075899682504907
0.5075899682504994	0.4924100317495109
0.4924100317495196	0.5075899682504907
0.5159852300014555	0.4840147699985542
0.4924100317495196	0.5075899682504907
0.4924100317495196	0.5075899682504907
0.4924100317495196	0.5075899682504907
0.4924100317495196	0.5075899682504907
0.4924100317495196	0.5075899682504907
0.4924100317495196	0.5075899682504907
0.4924100317495196	0.5075899682504907
0.4924100317495196	0.5075899682504907
0.4924100317495196	0.5075899682504907
0.5075899682504994	0.4924100317495109
0.4924100317495196	0.5075899682504907
0.4924100317495196	0.5075899682504907
0.4924100317495196	0.5075899682504907
0.4924100317495196	0.5075899682504907
0.5183238396094091	0.48167616039060074
0.4924100317495196	0.5075899682504907
0.5286656287060608	0.47133437129395017
0.4924100317495196	0.5075899682504907
0.4924100317495196	0.5075899682504907
0.4924100317495196	0.5075899682504907
0.4924100317495196	0.5075899682504907
0.4924100317495196	0.5075899682504907
0.4924100317495196	0.5075899682504907
0.4924100317495196	0.5075899682504907
0.4924100317495196	0.5075899682504907
0.4924100317495196	0.5075899682504907
0.4924100317495196	0.5075899682504907
0.5119240664581078	0.4880759335419024
0.5075899682504994	0.4924100317495109
0.4924100317495196	0.5075899682504907
0.4924100317495196	0.5075899682504907
0.4924100317495196	0.5075899682504907
0.5286656287060608	0.47133437129395017
0.48905975240150173	0.5109402475985069
0.4924100317495196	0.5075899682504907
0.4924100317495196	0.5075899682504907
0.4924100317495196	0.5075899682504907
0.4924100317495196	0.5075899682504907
0.4924100317495196	0.5075899682504907
0.4924100317495196	0.5075899682504907
0.4924100317495196	0.5075899682504907
0.4843446828275241	0.5156553171724853
0.4924100317495196	0.5075899682504907
0.4924100317495196	0.5075899682504907
0.4924100317495196	0.5075899682504907
0.4924100317495196	0.5075899682504907
0.4924100317495196	0.5075899682504907
0.4924100317495196	0.5075899682504907
0.5119240664581078	0.4880759335419024
0.4924100317495196	0.5075899682504907
0.4924100317495196	0.5075899682504907
0.4924100317495196	0.5075899682504907
0.508995821684072	0.4910041783159384
0.4924100317495196	0.5075899682504907
0.4924100317495196	0.5075899682504907
0.4924100317495196	0.5075899682504907
0.4924100317495196	0.5075899682504907
0.4924100317495196	0.5075899682504907
0.4924100317495196	0.5075899682504907
0.4924100317495196	0.5075899682504907
0.4924100317495196	0.5075899682504907
0.4924100317495196	0.5075899682504907
0.5183238396094091	0.48167616039060074
0.4924100317495196	0.5075899682504907
0.4924100317495196	0.5075899682504907
0.4924100317495196	0.5075899682504907
0.4924100317495196	0.5075899682504907
0.4924100317495196	0.5075899682504907
0.4924100317495196	0.5075899682504907
0.4924100317495196	0.5075899682504907
0.4924100317495196	0.5075899682504907
0.4924100317495196	0.5075899682504907
0.5403056071417187	0.45969439285829305
0.4924100317495196	0.5075899682504907
0.4924100317495196	0.5075899682504907
0.4924100317495196	0.5075899682504907
0.5183238396094091	0.48167616039060074
0.4924100317495196	0.5075899682504907
0.4924100317495196	0.5075899682504907
0.4924100317495196	0.5075899682504907
0.4924100317495196	0.5075899682504907
0.4924100317495196	0.5075899682504907
0.4924100317495196	0.5075899682504907
0.4924100317495196	0.5075899682504907
0.4924100317495196	0.5075899682504907
0.4924100317495196	0.5075899682504907
0.5119240664581078	0.4880759335419024
0.4924100317495196	0.5075899682504907
0.4924100317495196	0.5075899682504907
0.4924100317495196	0.5075899682504907
0.4924100317495196	0.5075899682504907
0.5437047414308297	0.45629525856917996
0.4924100317495196	0.5075899682504907
0.4924100317495196	0.5075899682504907
0.4924100317495196	0.5075899682504907
0.4924100317495196	0.5075899682504907
0.523388364090703	0.47661163590930655
0.4924100317495196	0.5075899682504907
0.4924100317495196	0.5075899682504907
0.5119240664581078	0.4880759335419024
0.4924100317495196	0.5075899682504907
0.4924100317495196	0.5075899682504907
0.4924100317495196	0.5075899682504907
0.4924100317495196	0.5075899682504907
0.4924100317495196	0.5075899682504907
0.4924100317495196	0.5075899682504907
0.4924100317495196	0.5075899682504907
0.4924100317495196	0.5075899682504907
0.4924100317495196	0.5075899682504907
0.4924100317495196	0.5075899682504907
0.4924100317495196	0.5075899682504907
0.4924100317495196	0.5075899682504907
0.4924100317495196	0.5075899682504907
0.4924100317495196	0.5075899682504907
0.4924100317495196	0.5075899682504907
0.5080771559363442	0.4919228440636667
0.4924100317495196	0.5075899682504907
0.520806753341934	0.4791932466580753
0.4924100317495196	0.5075899682504907
0.4924100317495196	0.5075899682504907
0.523388364090703	0.47661163590930655
0.4924100317495196	0.5075899682504907
0.4924100317495196	0.5075899682504907
0.4924100317495196	0.5075899682504907
0.4924100317495196	0.5075899682504907
0.4924100317495196	0.5075899682504907
0.4924100317495196	0.5075899682504907
0.520806753341934	0.4791932466580753
0.4924100317495196	0.5075899682504907
0.4924100317495196	0.5075899682504907
0.5080771559363442	0.4919228440636667
0.4924100317495196	0.5075899682504907
0.4924100317495196	0.5075899682504907
0.4924100317495196	0.5075899682504907
0.4924100317495196	0.5075899682504907
0.4924100317495196	0.5075899682504907
0.4924100317495196	0.5075899682504907
0.5260231286625695	0.47397687133744015
0.4924100317495196	0.5075899682504907
0.4924100317495196	0.5075899682504907
0.5119240664581078	0.4880759335419024
0.4924100317495196	0.5075899682504907
0.4924100317495196	0.5075899682504907
0.523388364090703	0.47661163590930655
0.4924100317495196	0.5075899682504907
0.4924100317495196	0.5075899682504907
0.4924100317495196	0.5075899682504907
0.4924100317495196	0.5075899682504907
0.4924100317495196	0.5075899682504907
0.4924100317495196	0.5075899682504907
0.5119240664581078	0.4880759335419024
0.4924100317495196	0.5075899682504907
0.4924100317495196	0.5075899682504907
0.4924100317495196	0.5075899682504907
0.4924100317495196	0.5075899682504907
0.5075899682504994	0.4924100317495109
0.4924100317495196	0.5075899682504907
0.5080771559363442	0.4919228440636667
0.4924100317495196	0.5075899682504907
0.4924100317495196	0.5075899682504907
0.5138366415945239	0.48616335840548597
0.4924100317495196	0.5075899682504907
0.5312707299478254	0.4687292700521855
0.508995821684072	0.4910041783159384
0.45600415432430613	0.5439958456757038
0.4924100317495196	0.5075899682504907
0.4924100317495196	0.5075899682504907
0.4924100317495196	0.5075899682504907
0.4924100317495196	0.5075899682504907
0.5080771559363442	0.4919228440636667
0.5138366415945239	0.48616335840548597
0.4924100317495196	0.5075899682504907
0.4924100317495196	0.5075899682504907
0.4924100317495196	0.5075899682504907
0.4924100317495196	0.5075899682504907
0.4924100317495196	0.5075899682504907
0.4924100317495196	0.5075899682504907
0.4924100317495196	0.5075899682504907
0.4924100317495196	0.5075899682504907
0.4924100317495196	0.5075899682504907
0.4924100317495196	0.5075899682504907
0.4924100317495196	0.5075899682504907
0.4924100317495196	0.5075899682504907
0.4924100317495196	0.5075899682504907
0.4924100317495196	0.5075899682504907
0.5159852300014555	0.4840147699985542
0.5422140415694938	0.4577859584305174
0.4924100317495196	0.5075899682504907
0.4924100317495196	0.5075899682504907
0.4924100317495196	0.5075899682504907
0.4924100317495196	0.5075899682504907
0.4924100317495196	0.5075899682504907
0.4924100317495196	0.5075899682504907
0.4924100317495196	0.5075899682504907
0.4924100317495196	0.5075899682504907
0.4924100317495196	0.5075899682504907
0.4924100317495196	0.5075899682504907
0.4924100317495196	0.5075899682504907
0.4924100317495196	0.5075899682504907
0.5080771559363442	0.4919228440636667
0.4924100317495196	0.5075899682504907
0.4924100317495196	0.5075899682504907
0.4924100317495196	0.5075899682504907
0.4924100317495196	0.5075899682504907
0.520806753341934	0.4791932466580753
0.4924100317495196	0.5075899682504907
0.4924100317495196	0.5075899682504907
0.4924100317495196	0.5075899682504907
0.4924100317495196	0.5075899682504907
0.4924100317495196	0.5075899682504907
0.4924100317495196	0.5075899682504907
0.4924100317495196	0.5075899682504907
0.4924100317495196	0.5075899682504907
0.4924100317495196	0.5075899682504907
0.4924100317495196	0.5075899682504907
0.5080771559363442	0.4919228440636667
0.5459724121129111	0.45402758788710007
0.4924100317495196	0.5075899682504907
0.4791932466580644	0.5208067533419453
0.4924100317495196	0.5075899682504907
0.520806753341934	0.4791932466580753
0.4924100317495196	0.5075899682504907
0.4924100317495196	0.5075899682504907
0.4924100317495196	0.5075899682504907
0.4924100317495196	0.5075899682504907
0.4924100317495196	0.5075899682504907
0.4513566989709024	0.5486433010291074
0.4924100317495196	0.5075899682504907
0.4924100317495196	0.5075899682504907
0.4924100317495196	0.5075899682504907
0.4924100317495196	0.5075899682504907
0.4924100317495196	0.5075899682504907
0.4924100317495196	0.5075899682504907
0.4924100317495196	0.5075899682504907
0.4924100317495196	0.5075899682504907
0.508995821684072	0.4910041783159384
0.4924100317495196	0.5075899682504907
0.4924100317495196	0.5075899682504907
0.4924100317495196	0.5075899682504907
0.4924100317495196	0.5075899682504907
0.4924100317495196	0.5075899682504907
0.4924100317495196	0.5075899682504907
0.4924100317495196	0.5075899682504907
0.4924100317495196	0.5075899682504907
0.5102940727017775	0.48970592729823265
0.4924100317495196	0.5075899682504907
0.4924100317495196	0.5075899682504907
0.4924100317495196	0.5075899682504907
0.4924100317495196	0.5075899682504907
0.4924100317495196	0.5075899682504907
0.4924100317495196	0.5075899682504907
0.4924100317495196	0.5075899682504907
0.4924100317495196	0.5075899682504907
0.5384204222982458	0.46157957770176483
0.4924100317495196	0.5075899682504907
0.4924100317495196	0.5075899682504907
0.4924100317495196	0.5075899682504907
0.5183238396094091	0.48167616039060074
0.4924100317495196	0.5075899682504907
0.4924100317495196	0.5075899682504907
0.5080771559363442	0.4919228440636667
0.4924100317495196	0.5075899682504907
0.5075899682504994	0.4924100317495109
0.5361912102916322	0.4638087897083786
0.4924100317495196	0.5075899682504907
0.4924100317495196	0.5075899682504907
0.4924100317495196	0.5075899682504907
0.4924100317495196	0.5075899682504907
0.4924100317495196	0.5075899682504907
0.4924100317495196	0.5075899682504907
0.4924100317495196	0.5075899682504907
0.4924100317495196	0.5075899682504907
0.4924100317495196	0.5075899682504907
0.4924100317495196	0.5075899682504907
0.4924100317495196	0.5075899682504907
0.4924100317495196	0.5075899682504907
0.4924100317495196	0.5075899682504907
0.4924100317495196	0.5075899682504907
0.4924100317495196	0.5075899682504907
0.4924100317495196	0.5075899682504907
0.4924100317495196	0.5075899682504907
0.4924100317495196	0.5075899682504907
0.4924100317495196	0.5075899682504907
0.5075899682504994	0.4924100317495109
0.4924100317495196	0.5075899682504907
0.4924100317495196	0.5075899682504907
0.4924100317495196	0.5075899682504907
0.4924100317495196	0.5075899682504907
0.4924100317495196	0.5075899682504907
0.4924100317495196	0.5075899682504907
0.4924100317495196	0.5075899682504907
0.4924100317495196	0.5075899682504907
0.4924100317495196	0.5075899682504907
0.5183238396094091	0.48167616039060074
0.4924100317495196	0.5075899682504907
0.4924100317495196	0.5075899682504907
0.4924100317495196	0.5075899682504907
0.4924100317495196	0.5075899682504907
0.4924100317495196	0.5075899682504907
0.4924100317495196	0.5075899682504907
0.5102940727017775	0.48970592729823265
0.4924100317495196	0.5075899682504907
0.4924100317495196	0.5075899682504907
0.4924100317495196	0.5075899682504907
0.4924100317495196	0.5075899682504907
0.4924100317495196	0.5075899682504907
0.4924100317495196	0.5075899682504907
0.4924100317495196	0.5075899682504907
0.4924100317495196	0.5075899682504907
0.4924100317495196	0.5075899682504907
0.4924100317495196	0.5075899682504907
0.5159852300014555	0.4840147699985542
0.4924100317495196	0.5075899682504907
0.4924100317495196	0.5075899682504907
0.520806753341934	0.4791932466580753
0.4924100317495196	0.5075899682504907
0.4924100317495196	0.5075899682504907
0.4924100317495196	0.5075899682504907
0.4924100317495196	0.5075899682504907
0.4924100317495196	0.5075899682504907
0.4924100317495196	0.5075899682504907
0.4924100317495196	0.5075899682504907
0.520806753341934	0.4791932466580753
0.4924100317495196	0.5075899682504907
0.4924100317495196	0.5075899682504907
0.4924100317495196	0.5075899682504907
0.4924100317495196	0.5075899682504907
0.4924100317495196	0.5075899682504907
0.4924100317495196	0.5075899682504907
0.4924100317495196	0.5075899682504907
0.4924100317495196	0.5075899682504907
0.4924100317495196	0.5075899682504907
0.4924100317495196	0.5075899682504907
0.4924100317495196	0.5075899682504907
0.508995821684072	0.4910041783159384
0.4924100317495196	0.5075899682504907
0.4924100317495196	0.5075899682504907
0.4924100317495196	0.5075899682504907
0.4924100317495196	0.5075899682504907
0.4924100317495196	0.5075899682504907
0.4924100317495196	0.5075899682504907
0.5461859550410604	0.45381404495895217
0.5138366415945239	0.48616335840548597
0.4924100317495196	0.5075899682504907
0.4924100317495196	0.5075899682504907
0.5080771559363442	0.4919228440636667
0.4924100317495196	0.5075899682504907
0.4924100317495196	0.5075899682504907
0.4924100317495196	0.5075899682504907
0.4924100317495196	0.5075899682504907
0.4924100317495196	0.5075899682504907
0.4924100317495196	0.5075899682504907
0.4924100317495196	0.5075899682504907
0.4924100317495196	0.5075899682504907
0.4924100317495196	0.5075899682504907
0.4924100317495196	0.5075899682504907
0.4924100317495196	0.5075899682504907
0.5361912102916322	0.4638087897083786
0.4924100317495196	0.5075899682504907
0.4924100317495196	0.5075899682504907
0.508995821684072	0.4910041783159384
0.4924100317495196	0.5075899682504907
0.4924100317495196	0.5075899682504907
0.5461859550410604	0.45381404495895217
0.4924100317495196	0.5075899682504907
0.4924100317495196	0.5075899682504907
0.4924100317495196	0.5075899682504907
0.5102940727017775	0.48970592729823265
0.4924100317495196	0.5075899682504907
0.5075899682504994	0.4924100317495109
0.5102940727017775	0.48970592729823265
0.4924100317495196	0.5075899682504907
0.4924100317495196	0.5075899682504907
0.4924100317495196	0.5075899682504907
0.4924100317495196	0.5075899682504907
0.4924100317495196	0.5075899682504907
0.5075899682504994	0.4924100317495109
0.5119240664581078	0.4880759335419024
0.4924100317495196	0.5075899682504907
0.4924100317495196	0.5075899682504907
0.4924100317495196	0.5075899682504907
0.4924100317495196	0.5075899682504907
0.4924100317495196	0.5075899682504907
0.4924100317495196	0.5075899682504907
0.4924100317495196	0.5075899682504907
0.4924100317495196	0.5075899682504907
0.4924100317495196	0.5075899682504907
0.4924100317495196	0.5075899682504907
0.5080771559363442	0.4919228440636667
0.4924100317495196	0.5075899682504907
0.4924100317495196	0.5075899682504907
0.4924100317495196	0.5075899682504907
0.5075899682504994	0.4924100317495109
0.4924100317495196	0.5075899682504907
0.4924100317495196	0.5075899682504907
0.4924100317495196	0.5075899682504907
0.508995821684072	0.4910041783159384
0.4924100317495196	0.5075899682504907
0.4924100317495196	0.5075899682504907
0.5159852300014555	0.4840147699985542
0.5138366415945239	0.48616335840548597
0.4924100317495196	0.5075899682504907
0.4924100317495196	0.5075899682504907
0.4924100317495196	0.5075899682504907
0.4924100317495196	0.5075899682504907
0.4924100317495196	0.5075899682504907
0.4546348075757082	0.5453651924243026
0.5119240664581078	0.4880759335419024
0.4924100317495196	0.5075899682504907
0.5119240664581078	0.4880759335419024
0.4924100317495196	0.5075899682504907
0.4924100317495196	0.5075899682504907
0.4924100317495196	0.5075899682504907
0.4924100317495196	0.5075899682504907
0.4924100317495196	0.5075899682504907
0.5159852300014555	0.4840147699985542
0.5457157041124786	0.4542842958875316
0.4924100317495196	0.5075899682504907
0.4924100317495196	0.5075899682504907
0.4924100317495196	0.5075899682504907
0.4924100317495196	0.5075899682504907
0.4924100317495196	0.5075899682504907
0.5080771559363442	0.4919228440636667
0.4924100317495196	0.5075899682504907
0.4924100317495196	0.5075899682504907
0.4924100317495196	0.5075899682504907
0.4924100317495196	0.5075899682504907
0.4924100317495196	0.5075899682504907
0.4924100317495196	0.5075899682504907
0.4924100317495196	0.5075899682504907
0.4924100317495196	0.5075899682504907
0.5286656287060608	0.47133437129395017
0.4924100317495196	0.5075899682504907
0.4924100317495196	0.5075899682504907
0.5080771559363442	0.4919228440636667
0.4924100317495196	0.5075899682504907
0.4924100317495196	0.5075899682504907
0.5361912102916322	0.4638087897083786
0.4924100317495196	0.5075899682504907
0.4924100317495196	0.5075899682504907
0.4924100317495196	0.5075899682504907
0.4924100317495196	0.5075899682504907
0.4924100317495196	0.5075899682504907
0.4924100317495196	0.5075899682504907
0.4924100317495196	0.5075899682504907
0.5286656287060608	0.47133437129395017
0.5312707299478254	0.4687292700521855
0.4924100317495196	0.5075899682504907
0.4924100317495196	0.5075899682504907
0.4924100317495196	0.5075899682504907
0.508995821684072	0.4910041783159384
0.4924100317495196	0.5075899682504907
0.4924100317495196	0.5075899682504907
0.4924100317495196	0.5075899682504907
0.520806753341934	0.4791932466580753
0.4924100317495196	0.5075899682504907
0.4924100317495196	0.5075899682504907
0.4924100317495196	0.5075899682504907
0.4924100317495196	0.5075899682504907
0.5075899682504994	0.4924100317495109
0.4924100317495196	0.5075899682504907
0.4924100317495196	0.5075899682504907
0.4924100317495196	0.5075899682504907
0.4924100317495196	0.5075899682504907
0.4924100317495196	0.5075899682504907
0.4924100317495196	0.5075899682504907
0.4924100317495196	0.5075899682504907
0.4924100317495196	0.5075899682504907
0.5080771559363442	0.4919228440636667
0.4924100317495196	0.5075899682504907
0.4924100317495196	0.5075899682504907
0.4924100317495196	0.5075899682504907
0.4924100317495196	0.5075899682504907
0.4924100317495196	0.5075899682504907
0.4924100317495196	0.5075899682504907
0.4924100317495196	0.5075899682504907
0.5337938330492119	0.46620616695079753
0.5102940727017775	0.48970592729823265
0.4924100317495196	0.5075899682504907
0.4924100317495196	0.5075899682504907
0.4651369224303737	0.5348630775696367
0.4924100317495196	0.5075899682504907
0.4924100317495196	0.5075899682504907
0.4924100317495196	0.5075899682504907
0.4924100317495196	0.5075899682504907
0.4924100317495196	0.5075899682504907
0.540440808239344	0.4595591917606662
0.520806753341934	0.4791932466580753
0.4924100317495196	0.5075899682504907
0.523388364090703	0.47661163590930655
0.4924100317495196	0.5075899682504907
0.4924100317495196	0.5075899682504907
0.4924100317495196	0.5075899682504907
0.4924100317495196	0.5075899682504907
0.4924100317495196	0.5075899682504907
0.4924100317495196	0.5075899682504907
0.4924100317495196	0.5075899682504907
0.508995821684072	0.4910041783159384
0.4924100317495196	0.5075899682504907
0.5361912102916322	0.4638087897083786
0.4924100317495196	0.5075899682504907
0.4924100317495196	0.5075899682504907
0.5075899682504994	0.4924100317495109
0.5080771559363442	0.4919228440636667
0.4924100317495196	0.5075899682504907
0.4924100317495196	0.5075899682504907
0.5075899682504994	0.4924100317495109
0.4924100317495196	0.5075899682504907
0.5138366415945239	0.48616335840548597
0.5427162317544463	0.4572837682455638
0.4924100317495196	0.5075899682504907
0.4924100317495196	0.5075899682504907
0.4924100317495196	0.5075899682504907
0.4924100317495196	0.5075899682504907
0.4924100317495196	0.5075899682504907
0.5075899682504994	0.4924100317495109
0.4924100317495196	0.5075899682504907
0.4924100317495196	0.5075899682504907
0.4924100317495196	0.5075899682504907
0.4924100317495196	0.5075899682504907
0.4924100317495196	0.5075899682504907
0.4924100317495196	0.5075899682504907
0.4924100317495196	0.5075899682504907
0.508995821684072	0.4910041783159384
0.4924100317495196	0.5075899682504907
0.4924100317495196	0.5075899682504907
0.4924100317495196	0.5075899682504907
0.4924100317495196	0.5075899682504907
0.4924100317495196	0.5075899682504907
0.5075899682504994	0.4924100317495109
0.4924100317495196	0.5075899682504907
0.4924100317495196	0.5075899682504907
0.4924100317495196	0.5075899682504907
0.4924100317495196	0.5075899682504907
0.4924100317495196	0.5075899682504907
0.4924100317495196	0.5075899682504907
0.5183238396094091	0.48167616039060074
0.4924100317495196	0.5075899682504907
0.4924100317495196	0.5075899682504907
0.5102940727017775	0.48970592729823265
0.4924100317495196	0.5075899682504907
0.4924100317495196	0.5075899682504907
0.5260231286625695	0.47397687133744015
0.4924100317495196	0.5075899682504907
0.4924100317495196	0.5075899682504907
0.4924100317495196	0.5075899682504907
0.4924100317495196	0.5075899682504907
0.4924100317495196	0.5075899682504907
0.4924100317495196	0.5075899682504907
0.4924100317495196	0.5075899682504907
0.4924100317495196	0.5075899682504907
0.4924100317495196	0.5075899682504907
0.4924100317495196	0.5075899682504907
0.4924100317495196	0.5075899682504907
0.4924100317495196	0.5075899682504907
0.4924100317495196	0.5075899682504907
0.4924100317495196	0.5075899682504907
0.4924100317495196	0.5075899682504907
0.4924100317495196	0.5075899682504907
0.4924100317495196	0.5075899682504907
0.4924100317495196	0.5075899682504907
0.4924100317495196	0.5075899682504907
0.523388364090703	0.47661163590930655
0.4924100317495196	0.5075899682504907
0.4924100317495196	0.5075899682504907
0.4924100317495196	0.5075899682504907
0.5159852300014555	0.4840147699985542
0.4924100317495196	0.5075899682504907
0.4924100317495196	0.5075899682504907
0.4924100317495196	0.5075899682504907
0.4924100317495196	0.5075899682504907
0.4924100317495196	0.5075899682504907
0.4924100317495196	0.5075899682504907
0.4924100317495196	0.5075899682504907
0.4924100317495196	0.5075899682504907
0.4924100317495196	0.5075899682504907
0.4924100317495196	0.5075899682504907
0.4924100317495196	0.5075899682504907
0.4924100317495196	0.5075899682504907
0.4924100317495196	0.5075899682504907
0.4924100317495196	0.5075899682504907
0.523388364090703	0.47661163590930655
0.4924100317495196	0.5075899682504907
0.4924100317495196	0.5075899682504907
0.5286656287060608	0.47133437129395017
0.4924100317495196	0.5075899682504907
0.5080771559363442	0.4919228440636667
0.4924100317495196	0.5075899682504907
0.4849292957204244	0.5150707042795868
0.4924100317495196	0.5075899682504907
0.4924100317495196	0.5075899682504907
0.4924100317495196	0.5075899682504907
0.5183238396094091	0.48167616039060074
0.5337938330492119	0.46620616695079753
0.5457157041124786	0.4542842958875316
0.4924100317495196	0.5075899682504907
0.4924100317495196	0.5075899682504907
0.4924100317495196	0.5075899682504907
0.4924100317495196	0.5075899682504907
0.4924100317495196	0.5075899682504907
0.4924100317495196	0.5075899682504907
0.4924100317495196	0.5075899682504907
0.4924100317495196	0.5075899682504907
0.4924100317495196	0.5075899682504907
0.4924100317495196	0.5075899682504907
0.4924100317495196	0.5075899682504907
0.4924100317495196	0.5075899682504907
0.4924100317495196	0.5075899682504907
0.4924100317495196	0.5075899682504907
0.4924100317495196	0.5075899682504907
0.4924100317495196	0.5075899682504907
0.4924100317495196	0.5075899682504907
0.4924100317495196	0.5075899682504907
0.4924100317495196	0.5075899682504907
0.4924100317495196	0.5075899682504907
0.4924100317495196	0.5075899682504907
0.4924100317495196	0.5075899682504907
0.4924100317495196	0.5075899682504907
0.4924100317495196	0.5075899682504907
0.5102940727017775	0.48970592729823265
0.4924100317495196	0.5075899682504907
0.5119240664581078	0.4880759335419024
0.4924100317495196	0.5075899682504907
0.4924100317495196	0.5075899682504907
0.4924100317495196	0.5075899682504907
0.4924100317495196	0.5075899682504907
0.5260231286625695	0.47397687133744015
0.4924100317495196	0.5075899682504907
0.4924100317495196	0.5075899682504907
0.4924100317495196	0.5075899682504907
0.4924100317495196	0.5075899682504907
0.5138366415945239	0.48616335840548597
0.4924100317495196	0.5075899682504907
0.4924100317495196	0.5075899682504907
0.4924100317495196	0.5075899682504907
0.4924100317495196	0.5075899682504907
0.4924100317495196	0.5075899682504907
0.4924100317495196	0.5075899682504907
0.508995821684072	0.4910041783159384
0.4924100317495196	0.5075899682504907
0.4924100317495196	0.5075899682504907
0.4924100317495196	0.5075899682504907
0.4924100317495196	0.5075899682504907
0.4924100317495196	0.5075899682504907
0.4924100317495196	0.5075899682504907
0.4924100317495196	0.5075899682504907
0.520806753341934	0.4791932466580753
0.4924100317495196	0.5075899682504907
0.4924100317495196	0.5075899682504907
0.4924100317495196	0.5075899682504907
0.4924100317495196	0.5075899682504907
0.4924100317495196	0.5075899682504907
0.4924100317495196	0.5075899682504907
0.4924100317495196	0.5075899682504907
0.4924100317495196	0.5075899682504907
0.4924100317495196	0.5075899682504907
0.4924100317495196	0.5075899682504907
0.4924100317495196	0.5075899682504907
0.4924100317495196	0.5075899682504907
0.4924100317495196	0.5075899682504907
0.4924100317495196	0.5075899682504907
0.4924100317495196	0.5075899682504907
0.4924100317495196	0.5075899682504907
0.4924100317495196	0.5075899682504907
0.4924100317495196	0.5075899682504907
0.4924100317495196	0.5075899682504907
0.4924100317495196	0.5075899682504907
0.4924100317495196	0.5075899682504907
0.4924100317495196	0.5075899682504907
0.4924100317495196	0.5075899682504907
0.4924100317495196	0.5075899682504907
0.4924100317495196	0.5075899682504907
0.4924100317495196	0.5075899682504907
0.5159852300014555	0.4840147699985542
0.4924100317495196	0.5075899682504907
0.4924100317495196	0.5075899682504907
0.4924100317495196	0.5075899682504907
0.4924100317495196	0.5075899682504907
0.4924100317495196	0.5075899682504907
0.4924100317495196	0.5075899682504907
0.4924100317495196	0.5075899682504907
0.5286656287060608	0.47133437129395017
0.4924100317495196	0.5075899682504907
0.4924100317495196	0.5075899682504907
0.4924100317495196	0.5075899682504907
0.4924100317495196	0.5075899682504907
0.4924100317495196	0.5075899682504907
0.4924100317495196	0.5075899682504907
0.4924100317495196	0.5075899682504907
0.4924100317495196	0.5075899682504907
0.4924100317495196	0.5075899682504907
0.4924100317495196	0.5075899682504907
0.4924100317495196	0.5075899682504907
0.4924100317495196	0.5075899682504907
0.4924100317495196	0.5075899682504907
0.4924100317495196	0.5075899682504907
0.4924100317495196	0.5075899682504907
0.5260231286625695	0.47397687133744015
0.4924100317495196	0.5075899682504907
0.5337938330492119	0.46620616695079753
0.5138366415945239	0.48616335840548597
0.4924100317495196	0.5075899682504907
0.4924100317495196	0.5075899682504907
0.5183238396094091	0.48167616039060074
0.5080771559363442	0.4919228440636667
0.4924100317495196	0.5075899682504907
0.4924100317495196	0.5075899682504907
0.4924100317495196	0.5075899682504907
0.4924100317495196	0.5075899682504907
0.5102940727017775	0.48970592729823265
0.4924100317495196	0.5075899682504907
0.4924100317495196	0.5075899682504907
0.4924100317495196	0.5075899682504907
0.4924100317495196	0.5075899682504907
0.5286656287060608	0.47133437129395017
0.4924100317495196	0.5075899682504907
0.4924100317495196	0.5075899682504907
0.4924100317495196	0.5075899682504907
0.4924100317495196	0.5075899682504907
0.4924100317495196	0.5075899682504907
0.4924100317495196	0.5075899682504907
0.4924100317495196	0.5075899682504907
0.5260231286625695	0.47397687133744015
0.4924100317495196	0.5075899682504907
0.4924100317495196	0.5075899682504907
0.4924100317495196	0.5075899682504907
0.4924100317495196	0.5075899682504907
0.4924100317495196	0.5075899682504907
0.4924100317495196	0.5075899682504907
0.4924100317495196	0.5075899682504907
0.4924100317495196	0.5075899682504907
0.4924100317495196	0.5075899682504907
0.5159852300014555	0.4840147699985542
0.4924100317495196	0.5075899682504907
0.4924100317495196	0.5075899682504907
0.4924100317495196	0.5075899682504907
0.4924100317495196	0.5075899682504907
0.4924100317495196	0.5075899682504907
0.4924100317495196	0.5075899682504907
0.5102940727017775	0.48970592729823265
0.4924100317495196	0.5075899682504907
0.4924100317495196	0.5075899682504907
0.520806753341934	0.4791932466580753
0.4924100317495196	0.5075899682504907
0.5119240664581078	0.4880759335419024
0.4924100317495196	0.5075899682504907
0.5138366415945239	0.48616335840548597
0.5075899682504994	0.4924100317495109
0.4924100317495196	0.5075899682504907
0.4924100317495196	0.5075899682504907
0.4924100317495196	0.5075899682504907
0.4924100317495196	0.5075899682504907
0.4924100317495196	0.5075899682504907
0.4924100317495196	0.5075899682504907
0.4924100317495196	0.5075899682504907
0.4924100317495196	0.5075899682504907
0.4924100317495196	0.5075899682504907
0.5119240664581078	0.4880759335419024
0.4924100317495196	0.5075899682504907
0.4924100317495196	0.5075899682504907
0.5437047414308297	0.45629525856917996
0.4924100317495196	0.5075899682504907
0.540440808239344	0.4595591917606662
0.5075899682504994	0.4924100317495109
0.4924100317495196	0.5075899682504907
0.4924100317495196	0.5075899682504907
0.4924100317495196	0.5075899682504907
0.5337938330492119	0.46620616695079753
0.5286656287060608	0.47133437129395017
0.5159852300014555	0.4840147699985542
0.5260231286625695	0.47397687133744015
0.4924100317495196	0.5075899682504907
0.5102940727017775	0.48970592729823265
0.4924100317495196	0.5075899682504907
0.4924100317495196	0.5075899682504907
0.520806753341934	0.4791932466580753
0.4924100317495196	0.5075899682504907
0.4924100317495196	0.5075899682504907
0.4924100317495196	0.5075899682504907
0.4924100317495196	0.5075899682504907
0.508995821684072	0.4910041783159384
0.4924100317495196	0.5075899682504907
0.4924100317495196	0.5075899682504907
0.4924100317495196	0.5075899682504907
0.4924100317495196	0.5075899682504907
0.4924100317495196	0.5075899682504907
0.523388364090703	0.47661163590930655
0.4924100317495196	0.5075899682504907
0.4924100317495196	0.5075899682504907
0.4924100317495196	0.5075899682504907
0.4924100317495196	0.5075899682504907
0.5337938330492119	0.46620616695079753
0.4924100317495196	0.5075899682504907
0.4924100317495196	0.5075899682504907
0.4924100317495196	0.5075899682504907
0.5138366415945239	0.48616335840548597
0.4924100317495196	0.5075899682504907
0.4924100317495196	0.5075899682504907
0.5080771559363442	0.4919228440636667
0.4924100317495196	0.5075899682504907
0.4924100317495196	0.5075899682504907
0.4924100317495196	0.5075899682504907
0.4924100317495196	0.5075899682504907
0.4924100317495196	0.5075899682504907
0.5437047414308297	0.45629525856917996
0.4924100317495196	0.5075899682504907
0.4924100317495196	0.5075899682504907
0.5459724121129111	0.45402758788710007
0.4924100317495196	0.5075899682504907
0.540440808239344	0.4595591917606662
0.4924100317495196	0.5075899682504907
0.4924100317495196	0.5075899682504907
0.4924100317495196	0.5075899682504907
0.4924100317495196	0.5075899682504907
0.4924100317495196	0.5075899682504907
0.4924100317495196	0.5075899682504907
0.4924100317495196	0.5075899682504907
0.4924100317495196	0.5075899682504907
0.4924100317495196	0.5075899682504907
0.4924100317495196	0.5075899682504907
0.4924100317495196	0.5075899682504907
0.4924100317495196	0.5075899682504907
0.4924100317495196	0.5075899682504907
0.4924100317495196	0.5075899682504907
0.4924100317495196	0.5075899682504907
