0.5736975834452649	0.42630241655474654
0.43047526886336396	0.5695247311366477
0.43047526886336396	0.5695247311366477
0.43047526886336396	0.5695247311366477
0.43047526886336396	0.5695247311366477
0.43047526886336396	0.5695247311366477
0.43047526886336396	0.5695247311366477
0.43047526886336396	0.5695247311366477
0.6071279337540714	0.3928720662459394
0.5961129480145344	0.4038870519854767
0.5717309790921763	0.428269020907835
0.6282475983687348	0.371752401631277
0.43047526886336396	0.5695247311366477
0.5761125030755703	0.42388749692444133
0.43047526886336396	0.5695247311366477
0.43047526886336396	0.5695247311366477
0.43047526886336396	0.5695247311366477
0.43047526886336396	0.5695247311366477
0.5819804515954139	0.41801954840459793
0.43047526886336396	0.5695247311366477
0.43047526886336396	0.5695247311366477
0.43047526886336396	0.5695247311366477
0.43047526886336396	0.5695247311366477
0.43047526886336396	0.5695247311366477
0.43047526886336396	0.5695247311366477
0.43047526886336396	0.5695247311366477
0.43047526886336396	0.5695247311366477
0.43047526886336396	0.5695247311366477
0.43047526886336396	0.5695247311366477
0.43047526886336396	0.5695247311366477
0.6300202230844495	0.3699797769155617
0.5998271805294264	0.40017281947058514
0.43047526886336396	0.5695247311366477
0.43047526886336396	0.5695247311366477
0.43047526886336396	0.5695247311366477
0.43047526886336396	0.5695247311366477
0.43047526886336396	0.5695247311366477
0.43047526886336396	0.5695247311366477
0.43047526886336396	0.5695247311366477
0.43047526886336396	0.5695247311366477
0.5695247311366456	0.43047526886336607
0.43047526886336396	0.5695247311366477
0.43047526886336396	0.5695247311366477
0.5788967710932371	0.42110322890677393
0.5695247311366456	0.43047526886336607
0.43047526886336396	0.5695247311366477
0.43047526886336396	0.5695247311366477
0.43047526886336396	0.5695247311366477
0.43047526886336396	0.5695247311366477
0.43047526886336396	0.5695247311366477
0.5695247311366456	0.43047526886336607
0.43047526886336396	0.5695247311366477
0.5998271805294264	0.40017281947058514
0.43047526886336396	0.5695247311366477
0.5703039720362696	0.4296960279637425
0.5761125030755703	0.42388749692444133
0.43047526886336396	0.5695247311366477
0.43047526886336396	0.5695247311366477
0.43047526886336396	0.5695247311366477
0.43047526886336396	0.5695247311366477
0.43047526886336396	0.5695247311366477
0.43047526886336396	0.5695247311366477
0.5924198871043462	0.40758011289566565
0.43047526886336396	0.5695247311366477
0.6199560103962818	0.38004398960373076
0.5998271805294264	0.40017281947058514
0.43047526886336396	0.5695247311366477
0.6106222668090243	0.38937773319098695
0.622547386948468	0.377452613051543
0.43047526886336396	0.5695247311366477
0.43047526886336396	0.5695247311366477
0.43047526886336396	0.5695247311366477
0.43047526886336396	0.5695247311366477
0.43047526886336396	0.5695247311366477
0.6199560103962818	0.38004398960373076
0.43047526886336396	0.5695247311366477
0.43047526886336396	0.5695247311366477
0.40892020439676535	0.5910797956032466
0.5695247311366456	0.43047526886336607
0.5819804515954139	0.41801954840459793
0.43047526886336396	0.5695247311366477
0.5961129480145344	0.4038870519854767
0.4283993149094143	0.5716006850905974
0.43047526886336396	0.5695247311366477
0.42630241655474915	0.5736975834452622
0.5703039720362696	0.4296960279637425
0.43047526886336396	0.5695247311366477
0.6035144234796911	0.3964855765203198
0.43047526886336396	0.5695247311366477
0.43047526886336396	0.5695247311366477
0.4185970956850278	0.5814029043149841
0.43047526886336396	0.5695247311366477
0.6280224603081851	0.3719775396918279
0.5703039720362696	0.4296960279637425
0.43047526886336396	0.5695247311366477
0.43047526886336396	0.5695247311366477
0.43047526886336396	0.5695247311366477
0.4172075695553292	0.5827924304446842
0.43047526886336396	0.5695247311366477
0.43047526886336396	0.5695247311366477
0.43047526886336396	0.5695247311366477
0.5819804515954139	0.41801954840459793
0.43047526886336396	0.5695247311366477
0.43047526886336396	0.5695247311366477
0.43047526886336396	0.5695247311366477
0.43047526886336396	0.5695247311366477
0.43047526886336396	0.5695247311366477
0.5703039720362696	0.4296960279637425
0.43047526886336396	0.5695247311366477
0.43047526886336396	0.5695247311366477
0.5924198871043462	0.40758011289566565
0.5717309790921763	0.428269020907835
0.588797838230357	0.4112021617696551
0.5761125030755703	0.42388749692444133
0.5998271805294264	0.40017281947058514
0.43047526886336396	0.5695247311366477
0.43047526886336396	0.5695247311366477
0.43047526886336396	0.5695247311366477
0.43047526886336396	0.5695247311366477
0.43047526886336396	0.5695247311366477
0.43047526886336396	0.5695247311366477
0.43047526886336396	0.5695247311366477
0.43047526886336396	0.5695247311366477
0.5736975834452649	0.42630241655474654
0.43047526886336396	0.5695247311366477
0.43047526886336396	0.5695247311366477
0.43047526886336396	0.5695247311366477
0.43047526886336396	0.5695247311366477
0.43047526886336396	0.5695247311366477
0.43047526886336396	0.5695247311366477
0.43047526886336396	0.5695247311366477
0.43047526886336396	0.5695247311366477
0.43047526886336396	0.5695247311366477
0.43047526886336396	0.5695247311366477
0.43047526886336396	0.5695247311366477
0.43047526886336396	0.5695247311366477
0.43047526886336396	0.5695247311366477
0.43047526886336396	0.5695247311366477
0.43047526886336396	0.5695247311366477
0.5961129480145344	0.4038870519854767
0.5695247311366456	0.43047526886336607
0.43047526886336396	0.5695247311366477
0.43047526886336396	0.5695247311366477
0.43047526886336396	0.5695247311366477
0.43047526886336396	0.5695247311366477
0.43047526886336396	0.5695247311366477
0.43047526886336396	0.5695247311366477
0.43047526886336396	0.5695247311366477
0.43047526886336396	0.5695247311366477
0.5998271805294264	0.40017281947058514
0.43047526886336396	0.5695247311366477
0.43047526886336396	0.5695247311366477
0.43047526886336396	0.5695247311366477
0.43047526886336396	0.5695247311366477
0.5853002613108799	0.41469973868913207
0.43047526886336396	0.5695247311366477
0.43047526886336396	0.5695247311366477
0.43047526886336396	0.5695247311366477
0.43047526886336396	0.5695247311366477
0.43047526886336396	0.5695247311366477
0.43047526886336396	0.5695247311366477
0.43047526886336396	0.5695247311366477
0.43047526886336396	0.5695247311366477
0.6263421504297146	0.37365784957029846
0.5761125030755703	0.42388749692444133
0.43047526886336396	0.5695247311366477
0.43047526886336396	0.5695247311366477
0.5695247311366456	0.43047526886336607
0.5736975834452649	0.42630241655474654
0.43047526886336396	0.5695247311366477
0.588797838230357	0.4112021617696551
0.43047526886336396	0.5695247311366477
0.43047526886336396	0.5695247311366477
0.43047526886336396	0.5695247311366477
0.43047526886336396	0.5695247311366477
0.43047526886336396	0.5695247311366477
0.5766251745430672	0.4233748254569438
0.5695247311366456	0.43047526886336607
0.4126782655900625	0.5873217344099488
0.43047526886336396	0.5695247311366477
0.5703039720362696	0.4296960279637425
0.43047526886336396	0.5695247311366477
0.43047526886336396	0.5695247311366477
0.43047526886336396	0.5695247311366477
0.43047526886336396	0.5695247311366477
0.43047526886336396	0.5695247311366477
0.43047526886336396	0.5695247311366477
0.43047526886336396	0.5695247311366477
0.5736975834452649	0.42630241655474654
0.43047526886336396	0.5695247311366477
0.5788967710932371	0.42110322890677393
0.43047526886336396	0.5695247311366477
0.5717309790921763	0.428269020907835
0.43047526886336396	0.5695247311366477
0.4270063679157676	0.5729936320842438
0.6267258323872448	0.3732741676127673
0.43047526886336396	0.5695247311366477
0.5819804515954139	0.41801954840459793
0.42969602796374506	0.5703039720362671
0.43047526886336396	0.5695247311366477
0.43047526886336396	0.5695247311366477
0.43047526886336396	0.5695247311366477
0.6106222668090243	0.38937773319098695
0.43047526886336396	0.5695247311366477
0.43047526886336396	0.5695247311366477
0.43047526886336396	0.5695247311366477
0.43047526886336396	0.5695247311366477
0.43047526886336396	0.5695247311366477
0.43047526886336396	0.5695247311366477
0.43047526886336396	0.5695247311366477
0.42630241655474915	0.5736975834452622
0.43047526886336396	0.5695247311366477
0.43047526886336396	0.5695247311366477
0.40051363996959216	0.5994863600304194
0.43047526886336396	0.5695247311366477
0.43047526886336396	0.5695247311366477
0.5819804515954139	0.41801954840459793
0.43047526886336396	0.5695247311366477
0.43047526886336396	0.5695247311366477
0.43047526886336396	0.5695247311366477
0.43047526886336396	0.5695247311366477
0.43047526886336396	0.5695247311366477
0.5788967710932371	0.42110322890677393
0.43047526886336396	0.5695247311366477
0.43047526886336396	0.5695247311366477
0.43047526886336396	0.5695247311366477
0.43047526886336396	0.5695247311366477
0.6242082505633183	0.3757917494366918
0.43047526886336396	0.5695247311366477
0.43047526886336396	0.5695247311366477
0.36929309553339246	0.6307069044666203
0.6199560103962818	0.38004398960373076
0.5819804515954139	0.41801954840459793
0.43047526886336396	0.5695247311366477
0.43047526886336396	0.5695247311366477
0.43047526886336396	0.5695247311366477
0.5761125030755703	0.42388749692444133
0.43047526886336396	0.5695247311366477
0.43047526886336396	0.5695247311366477
0.43047526886336396	0.5695247311366477
0.43047526886336396	0.5695247311366477
0.43047526886336396	0.5695247311366477
0.43047526886336396	0.5695247311366477
0.43047526886336396	0.5695247311366477
0.43047526886336396	0.5695247311366477
0.5736975834452649	0.42630241655474654
0.43047526886336396	0.5695247311366477
0.5695247311366456	0.43047526886336607
0.43047526886336396	0.5695247311366477
0.43047526886336396	0.5695247311366477
0.43047526886336396	0.5695247311366477
0.42386925892660937	0.5761307410734029
0.588797838230357	0.4112021617696551
0.43047526886336396	0.5695247311366477
0.43047526886336396	0.5695247311366477
0.42481074411660125	0.5751892558834097
0.5703039720362696	0.4296960279637425
0.5703039720362696	0.4296960279637425
0.43047526886336396	0.5695247311366477
0.43047526886336396	0.5695247311366477
0.43047526886336396	0.5695247311366477
0.43047526886336396	0.5695247311366477
0.5819804515954139	0.41801954840459793
0.5736975834452649	0.42630241655474654
0.5695247311366456	0.43047526886336607
0.6292342496685223	0.37076575033149245
0.43047526886336396	0.5695247311366477
0.43047526886336396	0.5695247311366477
0.5703039720362696	0.4296960279637425
0.43047526886336396	0.5695247311366477
0.43047526886336396	0.5695247311366477
0.43047526886336396	0.5695247311366477
0.5819804515954139	0.41801954840459793
0.43047526886336396	0.5695247311366477
0.43047526886336396	0.5695247311366477
0.4215098491743663	0.5784901508256455
0.43047526886336396	0.5695247311366477
0.43047526886336396	0.5695247311366477
0.43047526886336396	0.5695247311366477
0.5695247311366456	0.43047526886336607
0.43047526886336396	0.5695247311366477
0.43047526886336396	0.5695247311366477
0.43047526886336396	0.5695247311366477
0.43047526886336396	0.5695247311366477
0.5695247311366456	0.43047526886336607
0.43047526886336396	0.5695247311366477
0.3860467214084313	0.6139532785915799
0.43047526886336396	0.5695247311366477
0.5819804515954139	0.41801954840459793
0.5736975834452649	0.42630241655474654
0.43047526886336396	0.5695247311366477
0.43047526886336396	0.5695247311366477
0.5695247311366456	0.43047526886336607
0.6293533945577485	0.3706466054422644
0.43047526886336396	0.5695247311366477
0.43047526886336396	0.5695247311366477
0.6071279337540714	0.3928720662459394
0.4060189137215548	0.593981086278456
0.43047526886336396	0.5695247311366477
0.43047526886336396	0.5695247311366477
0.588797838230357	0.4112021617696551
0.43047526886336396	0.5695247311366477
0.43047526886336396	0.5695247311366477
0.5695247311366456	0.43047526886336607
0.43047526886336396	0.5695247311366477
0.43047526886336396	0.5695247311366477
0.43047526886336396	0.5695247311366477
0.43047526886336396	0.5695247311366477
0.5761125030755703	0.42388749692444133
0.43047526886336396	0.5695247311366477
0.43047526886336396	0.5695247311366477
0.43047526886336396	0.5695247311366477
0.43047526886336396	0.5695247311366477
0.6292342496685223	0.37076575033149245
0.43047526886336396	0.5695247311366477
0.43047526886336396	0.5695247311366477
0.43047526886336396	0.5695247311366477
0.43047526886336396	0.5695247311366477
0.6170782339903917	0.38292176600962136
0.5717309790921763	0.428269020907835
0.4112021617696582	0.5887978382303536
0.43047526886336396	0.5695247311366477
0.43047526886336396	0.5695247311366477
0.43047526886336396	0.5695247311366477
0.5717309790921763	0.428269020907835
0.43047526886336396	0.5695247311366477
0.6170782339903917	0.38292176600962136
0.43047526886336396	0.5695247311366477
0.43047526886336396	0.5695247311366477
0.43047526886336396	0.5695247311366477
0.43047526886336396	0.5695247311366477
0.43047526886336396	0.5695247311366477
0.43047526886336396	0.5695247311366477
0.43047526886336396	0.5695247311366477
0.43047526886336396	0.5695247311366477
0.6199560103962818	0.38004398960373076
0.5695247311366456	0.43047526886336607
0.5695247311366456	0.43047526886336607
0.43047526886336396	0.5695247311366477
0.43047526886336396	0.5695247311366477
0.43047526886336396	0.5695247311366477
0.43047526886336396	0.5695247311366477
0.43047526886336396	0.5695247311366477
0.43047526886336396	0.5695247311366477
0.43047526886336396	0.5695247311366477
0.43047526886336396	0.5695247311366477
0.43047526886336396	0.5695247311366477
0.43047526886336396	0.5695247311366477
0.43047526886336396	0.5695247311366477
0.43047526886336396	0.5695247311366477
0.43047526886336396	0.5695247311366477
0.43047526886336396	0.5695247311366477
0.43047526886336396	0.5695247311366477
0.43047526886336396	0.5695247311366477
0.43047526886336396	0.5695247311366477
0.43047526886336396	0.5695247311366477
0.43047526886336396	0.5695247311366477
0.5853002613108799	0.41469973868913207
0.43047526886336396	0.5695247311366477
0.43047526886336396	0.5695247311366477
0.43047526886336396	0.5695247311366477
0.36927564147388336	0.6307243585261301
0.43047526886336396	0.5695247311366477
0.43047526886336396	0.5695247311366477
0.43047526886336396	0.5695247311366477
0.43047526886336396	0.5695247311366477
0.43047526886336396	0.5695247311366477
0.43047526886336396	0.5695247311366477
0.6106222668090243	0.38937773319098695
0.43047526886336396	0.5695247311366477
0.5717309790921763	0.428269020907835
0.43047526886336396	0.5695247311366477
0.43047526886336396	0.5695247311366477
0.43047526886336396	0.5695247311366477
0.5788967710932371	0.42110322890677393
0.43047526886336396	0.5695247311366477
0.43047526886336396	0.5695247311366477
0.43047526886336396	0.5695247311366477
0.43047526886336396	0.5695247311366477
0.43047526886336396	0.5695247311366477
0.36997781438386174	0.6300221856161503
0.6035144234796911	0.3964855765203198
0.5924198871043462	0.40758011289566565
0.43047526886336396	0.5695247311366477
0.5736975834452649	0.42630241655474654
0.43047526886336396	0.5695247311366477
0.5788967710932371	0.42110322890677393
0.43047526886336396	0.5695247311366477
0.43047526886336396	0.5695247311366477
0.43047526886336396	0.5695247311366477
0.43047526886336396	0.5695247311366477
0.43047526886336396	0.5695247311366477
0.5788967710932371	0.42110322890677393
0.43047526886336396	0.5695247311366477
0.43047526886336396	0.5695247311366477
0.43047526886336396	0.5695247311366477
0.43047526886336396	0.5695247311366477
0.43047526886336396	0.5695247311366477
0.43047526886336396	0.5695247311366477
0.43047526886336396	0.5695247311366477
0.5703039720362696	0.4296960279637425
0.41663306639237924	0.5833669336076317
0.5924198871043462	0.40758011289566565
0.43047526886336396	0.5695247311366477
0.6071279337540714	0.3928720662459394
0.43047526886336396	0.5695247311366477
0.43047526886336396	0.5695247311366477
0.43047526886336396	0.5695247311366477
0.43047526886336396	0.5695247311366477
0.43047526886336396	0.5695247311366477
0.43047526886336396	0.5695247311366477
0.43047526886336396	0.5695247311366477
0.43047526886336396	0.5695247311366477
0.6106222668090243	0.38937773319098695
0.43047526886336396	0.5695247311366477
0.5740237349900357	0.4259762650099766
0.6035144234796911	0.3964855765203198
0.43047526886336396	0.5695247311366477
0.4053616207818353	0.5946383792181757
0.5998271805294264	0.40017281947058514
0.43047526886336396	0.5695247311366477
0.43047526886336396	0.5695247311366477
0.43047526886336396	0.5695247311366477
0.43047526886336396	0.5695247311366477
0.6199560103962818	0.38004398960373076
0.43047526886336396	0.5695247311366477
0.6071279337540714	0.3928720662459394
0.43047526886336396	0.5695247311366477
0.43047526886336396	0.5695247311366477
0.43047526886336396	0.5695247311366477
0.43047526886336396	0.5695247311366477
0.43047526886336396	0.5695247311366477
0.43047526886336396	0.5695247311366477
0.43047526886336396	0.5695247311366477
0.43047526886336396	0.5695247311366477
0.43047526886336396	0.5695247311366477
0.43047526886336396	0.5695247311366477
0.6300202230844495	0.3699797769155617
0.43047526886336396	0.5695247311366477
0.6299701630592663	0.3700298369407452
0.43047526886336396	0.5695247311366477
0.43047526886336396	0.5695247311366477
0.43047526886336396	0.5695247311366477
0.5761125030755703	0.42388749692444133
0.43047526886336396	0.5695247311366477
0.5703039720362696	0.4296960279637425
0.43047526886336396	0.5695247311366477
0.43047526886336396	0.5695247311366477
0.43047526886336396	0.5695247311366477
0.5998271805294264	0.40017281947058514
0.5703039720362696	0.4296960279637425
0.622547386948468	0.377452613051543
0.5853002613108799	0.41469973868913207
0.588797838230357	0.4112021617696551
0.43047526886336396	0.5695247311366477
0.43047526886336396	0.5695247311366477
0.43047526886336396	0.5695247311366477
0.43047526886336396	0.5695247311366477
0.43047526886336396	0.5695247311366477
0.43047526886336396	0.5695247311366477
0.5695247311366456	0.43047526886336607
0.5819804515954139	0.41801954840459793
0.5761125030755703	0.42388749692444133
0.43047526886336396	0.5695247311366477
0.43047526886336396	0.5695247311366477
0.43047526886336396	0.5695247311366477
0.43047526886336396	0.5695247311366477
0.43047526886336396	0.5695247311366477
0.43047526886336396	0.5695247311366477
0.43047526886336396	0.5695247311366477
0.4185970956850278	0.5814029043149841
0.5703039720362696	0.4296960279637425
0.43047526886336396	0.5695247311366477
0.39399339763451385	0.6060066023654972
0.43047526886336396	0.5695247311366477
0.43047526886336396	0.5695247311366477
0.43047526886336396	0.5695247311366477
0.43047526886336396	0.5695247311366477
0.5788967710932371	0.42110322890677393
0.43047526886336396	0.5695247311366477
0.43047526886336396	0.5695247311366477
0.43047526886336396	0.5695247311366477
0.43047526886336396	0.5695247311366477
0.5761125030755703	0.42388749692444133
0.5924198871043462	0.40758011289566565
0.43047526886336396	0.5695247311366477
0.43047526886336396	0.5695247311366477
0.43047526886336396	0.5695247311366477
0.43047526886336396	0.5695247311366477
0.43047526886336396	0.5695247311366477
0.43047526886336396	0.5695247311366477
0.43047526886336396	0.5695247311366477
0.43047526886336396	0.5695247311366477
0.43047526886336396	0.5695247311366477
0.43047526886336396	0.5695247311366477
0.5961129480145344	0.4038870519854767
0.43047526886336396	0.5695247311366477
0.43047526886336396	0.5695247311366477
0.43047526886336396	0.5695247311366477
0.43047526886336396	0.5695247311366477
0.43047526886336396	0.5695247311366477
0.43047526886336396	0.5695247311366477
0.43047526886336396	0.5695247311366477
0.43047526886336396	0.5695247311366477
0.5924198871043462	0.40758011289566565
0.43047526886336396	0.5695247311366477
0.43047526886336396	0.5695247311366477
0.6014593710842338	0.39854062891577846
0.43047526886336396	0.5695247311366477
0.5736975834452649	0.42630241655474654
0.5695247311366456	0.43047526886336607
0.43047526886336396	0.5695247311366477
0.5788967710932371	0.42110322890677393
0.43047526886336396	0.5695247311366477
0.6170782339903917	0.38292176600962136
0.43047526886336396	0.5695247311366477
0.5695247311366456	0.43047526886336607
0.43047526886336396	0.5695247311366477
0.6170782339903917	0.38292176600962136
0.43047526886336396	0.5695247311366477
0.43047526886336396	0.5695247311366477
0.43047526886336396	0.5695247311366477
0.3646374875435024	0.6353625124565088
0.5695247311366456	0.43047526886336607
0.5695247311366456	0.43047526886336607
0.43047526886336396	0.5695247311366477
0.43047526886336396	0.5695247311366477
0.6248154108899271	0.3751845891100857
0.43047526886336396	0.5695247311366477
0.43047526886336396	0.5695247311366477
0.43047526886336396	0.5695247311366477
0.43047526886336396	0.5695247311366477
0.5736975834452649	0.42630241655474654
0.43047526886336396	0.5695247311366477
0.43047526886336396	0.5695247311366477
0.43047526886336396	0.5695247311366477
0.43047526886336396	0.5695247311366477
0.5761125030755703	0.42388749692444133
0.43047526886336396	0.5695247311366477
0.43047526886336396	0.5695247311366477
0.43047526886336396	0.5695247311366477
0.43047526886336396	0.5695247311366477
0.43047526886336396	0.5695247311366477
0.43047526886336396	0.5695247311366477
0.43047526886336396	0.5695247311366477
0.43047526886336396	0.5695247311366477
0.43047526886336396	0.5695247311366477
0.43047526886336396	0.5695247311366477
0.3720064479676607	0.6279935520323516
0.43047526886336396	0.5695247311366477
0.5819804515954139	0.41801954840459793
0.43047526886336396	0.5695247311366477
0.43047526886336396	0.5695247311366477
0.43047526886336396	0.5695247311366477
0.43047526886336396	0.5695247311366477
0.5717309790921763	0.428269020907835
0.43047526886336396	0.5695247311366477
0.4217245117285746	0.5782754882714366
0.5736975834452649	0.42630241655474654
0.43047526886336396	0.5695247311366477
0.43047526886336396	0.5695247311366477
0.43047526886336396	0.5695247311366477
0.43047526886336396	0.5695247311366477
0.43047526886336396	0.5695247311366477
0.5703039720362696	0.4296960279637425
0.43047526886336396	0.5695247311366477
0.43047526886336396	0.5695247311366477
0.43047526886336396	0.5695247311366477
0.43047526886336396	0.5695247311366477
0.43047526886336396	0.5695247311366477
0.5695247311366456	0.43047526886336607
0.6267258323872448	0.3732741676127673
0.43047526886336396	0.5695247311366477
0.43047526886336396	0.5695247311366477
0.43047526886336396	0.5695247311366477
0.43047526886336396	0.5695247311366477
0.4131715097210519	0.5868284902789609
0.43047526886336396	0.5695247311366477
0.43047526886336396	0.5695247311366477
0.43047526886336396	0.5695247311366477
0.5788967710932371	0.42110322890677393
0.43047526886336396	0.5695247311366477
0.6170782339903917	0.38292176600962136
0.6106222668090243	0.38937773319098695
0.43047526886336396	0.5695247311366477
0.43047526886336396	0.5695247311366477
0.43047526886336396	0.5695247311366477
0.43047526886336396	0.5695247311366477
0.43047526886336396	0.5695247311366477
0.43047526886336396	0.5695247311366477
0.43047526886336396	0.5695247311366477
0.43047526886336396	0.5695247311366477
0.43047526886336396	0.5695247311366477
0.43047526886336396	0.5695247311366477
0.43047526886336396	0.5695247311366477
0.43047526886336396	0.5695247311366477
0.43047526886336396	0.5695247311366477
0.6199560103962818	0.38004398960373076
0.43047526886336396	0.5695247311366477
0.43047526886336396	0.5695247311366477
0.43047526886336396	0.5695247311366477
0.43047526886336396	0.5695247311366477
0.43047526886336396	0.5695247311366477
0.6035144234796911	0.3964855765203198
0.43047526886336396	0.5695247311366477
0.43047526886336396	0.5695247311366477
0.43047526886336396	0.5695247311366477
0.43047526886336396	0.5695247311366477
0.43047526886336396	0.5695247311366477
0.43047526886336396	0.5695247311366477
0.43047526886336396	0.5695247311366477
0.5924198871043462	0.40758011289566565
0.43047526886336396	0.5695247311366477
0.43047526886336396	0.5695247311366477
0.3846875321228737	0.6153124678771397
0.5695247311366456	0.43047526886336607
0.43047526886336396	0.5695247311366477
0.43047526886336396	0.5695247311366477
0.6139532785915836	0.38604672140842755
0.43047526886336396	0.5695247311366477
0.5961129480145344	0.4038870519854767
0.43047526886336396	0.5695247311366477
0.43047526886336396	0.5695247311366477
0.43047526886336396	0.5695247311366477
0.43047526886336396	0.5695247311366477
0.43047526886336396	0.5695247311366477
0.6035144234796911	0.3964855765203198
0.43047526886336396	0.5695247311366477
0.43047526886336396	0.5695247311366477
0.43047526886336396	0.5695247311366477
0.43047526886336396	0.5695247311366477
0.5853002613108799	0.41469973868913207
0.43047526886336396	0.5695247311366477
0.43047526886336396	0.5695247311366477
0.6302300010181907	0.3697699989818214
0.43047526886336396	0.5695247311366477
0.43047526886336396	0.5695247311366477
0.6139532785915836	0.38604672140842755
0.43047526886336396	0.5695247311366477
0.37767895659378786	0.6223210434062225
0.5703039720362696	0.4296960279637425
0.43047526886336396	0.5695247311366477
0.5695247311366456	0.43047526886336607
0.43047526886336396	0.5695247311366477
0.5853002613108799	0.41469973868913207
0.43047526886336396	0.5695247311366477
0.5717309790921763	0.428269020907835
0.43047526886336396	0.5695247311366477
0.43047526886336396	0.5695247311366477
0.43047526886336396	0.5695247311366477
0.5695247311366456	0.43047526886336607
0.43047526886336396	0.5695247311366477
0.5998271805294264	0.40017281947058514
0.43047526886336396	0.5695247311366477
0.43047526886336396	0.5695247311366477
0.43047526886336396	0.5695247311366477
0.43047526886336396	0.5695247311366477
0.5703039720362696	0.4296960279637425
0.43047526886336396	0.5695247311366477
0.5717309790921763	0.428269020907835
0.43047526886336396	0.5695247311366477
0.43047526886336396	0.5695247311366477
0.6035144234796911	0.3964855765203198
0.43047526886336396	0.5695247311366477
0.5998271805294264	0.40017281947058514
0.5717309790921763	0.428269020907835
0.43047526886336396	0.5695247311366477
0.4126782655900625	0.5873217344099488
0.5761125030755703	0.42388749692444133
0.43047526886336396	0.5695247311366477
0.6035144234796911	0.3964855765203198
0.5736975834452649	0.42630241655474654
0.43047526886336396	0.5695247311366477
0.43047526886336396	0.5695247311366477
0.43047526886336396	0.5695247311366477
0.43047526886336396	0.5695247311366477
0.43047526886336396	0.5695247311366477
0.43047526886336396	0.5695247311366477
0.43047526886336396	0.5695247311366477
0.43047526886336396	0.5695247311366477
0.43047526886336396	0.5695247311366477
0.5819804515954139	0.41801954840459793
0.5695247311366456	0.43047526886336607
0.43047526886336396	0.5695247311366477
0.5853002613108799	0.41469973868913207
0.43047526886336396	0.5695247311366477
0.43047526886336396	0.5695247311366477
0.43047526886336396	0.5695247311366477
0.43047526886336396	0.5695247311366477
0.43047526886336396	0.5695247311366477
0.43047526886336396	0.5695247311366477
0.43047526886336396	0.5695247311366477
0.43047526886336396	0.5695247311366477
0.43047526886336396	0.5695247311366477
0.43047526886336396	0.5695247311366477
0.36997977691556505	0.6300202230844458
0.43047526886336396	0.5695247311366477
0.6267258323872448	0.3732741676127673
0.43047526886336396	0.5695247311366477
0.43047526886336396	0.5695247311366477
0.6035144234796911	0.3964855765203198
0.43047526886336396	0.5695247311366477
0.5695247311366456	0.43047526886336607
0.5998271805294264	0.40017281947058514
0.43047526886336396	0.5695247311366477
0.43047526886336396	0.5695247311366477
0.43047526886336396	0.5695247311366477
0.43047526886336396	0.5695247311366477
0.40801862227539376	0.5919813777246179
0.43047526886336396	0.5695247311366477
0.5998271805294264	0.40017281947058514
0.4283993149094143	0.5716006850905974
0.43047526886336396	0.5695247311366477
0.43047526886336396	0.5695247311366477
0.43047526886336396	0.5695247311366477
0.43047526886336396	0.5695247311366477
0.6170782339903917	0.38292176600962136
0.43047526886336396	0.5695247311366477
0.43047526886336396	0.5695247311366477
0.43047526886336396	0.5695247311366477
0.40892020439676535	0.5910797956032466
0.43047526886336396	0.5695247311366477
0.43047526886336396	0.5695247311366477
0.5788967710932371	0.42110322890677393
0.43047526886336396	0.5695247311366477
0.43047526886336396	0.5695247311366477
0.43047526886336396	0.5695247311366477
0.43047526886336396	0.5695247311366477
0.43047526886336396	0.5695247311366477
0.43047526886336396	0.5695247311366477
0.43047526886336396	0.5695247311366477
0.43047526886336396	0.5695247311366477
0.43047526886336396	0.5695247311366477
0.43047526886336396	0.5695247311366477
0.5717309790921763	0.428269020907835
0.43047526886336396	0.5695247311366477
0.43047526886336396	0.5695247311366477
0.43047526886336396	0.5695247311366477
0.43047526886336396	0.5695247311366477
0.43047526886336396	0.5695247311366477
0.43047526886336396	0.5695247311366477
0.43047526886336396	0.5695247311366477
0.43047526886336396	0.5695247311366477
0.43047526886336396	0.5695247311366477
0.4012325463658663	0.5987674536341452
0.43047526886336396	0.5695247311366477
0.43047526886336396	0.5695247311366477
0.43047526886336396	0.5695247311366477
0.5736975834452649	0.42630241655474654
0.43047526886336396	0.5695247311366477
0.6199560103962818	0.38004398960373076
0.43047526886336396	0.5695247311366477
0.43047526886336396	0.5695247311366477
0.43047526886336396	0.5695247311366477
0.43047526886336396	0.5695247311366477
0.43047526886336396	0.5695247311366477
0.4197571084426226	0.5802428915573892
0.43047526886336396	0.5695247311366477
0.43047526886336396	0.5695247311366477
0.43047526886336396	0.5695247311366477
0.5819804515954139	0.41801954840459793
0.43047526886336396	0.5695247311366477
0.43047526886336396	0.5695247311366477
0.43047526886336396	0.5695247311366477
0.6139532785915836	0.38604672140842755
0.6186790810853685	0.3813209189146438
0.43047526886336396	0.5695247311366477
0.5717309790921763	0.428269020907835
0.43047526886336396	0.5695247311366477
0.43047526886336396	0.5695247311366477
0.5819804515954139	0.41801954840459793
0.43047526886336396	0.5695247311366477
0.43047526886336396	0.5695247311366477
0.43047526886336396	0.5695247311366477
0.5788967710932371	0.42110322890677393
0.5819804515954139	0.41801954840459793
0.43047526886336396	0.5695247311366477
0.43047526886336396	0.5695247311366477
0.43047526886336396	0.5695247311366477
0.43047526886336396	0.5695247311366477
0.43047526886336396	0.5695247311366477
0.5695247311366456	0.43047526886336607
0.43047526886336396	0.5695247311366477
0.43047526886336396	0.5695247311366477
0.43047526886336396	0.5695247311366477
0.43047526886336396	0.5695247311366477
0.43047526886336396	0.5695247311366477
0.43047526886336396	0.5695247311366477
0.43047526886336396	0.5695247311366477
0.6242082505633183	0.3757917494366918
0.43047526886336396	0.5695247311366477
0.43047526886336396	0.5695247311366477
0.43047526886336396	0.5695247311366477
0.43047526886336396	0.5695247311366477
0.43047526886336396	0.5695247311366477
0.43047526886336396	0.5695247311366477
0.43047526886336396	0.5695247311366477
0.5761125030755703	0.42388749692444133
0.43047526886336396	0.5695247311366477
0.43047526886336396	0.5695247311366477
0.6071279337540714	0.3928720662459394
0.41419340911133073	0.5858065908886809
0.43047526886336396	0.5695247311366477
0.43047526886336396	0.5695247311366477
0.43047526886336396	0.5695247311366477
0.43047526886336396	0.5695247311366477
0.5761125030755703	0.42388749692444133
0.43047526886336396	0.5695247311366477
0.43047526886336396	0.5695247311366477
0.43047526886336396	0.5695247311366477
0.43047526886336396	0.5695247311366477
0.43047526886336396	0.5695247311366477
0.43047526886336396	0.5695247311366477
0.43047526886336396	0.5695247311366477
0.43047526886336396	0.5695247311366477
0.43047526886336396	0.5695247311366477
0.43047526886336396	0.5695247311366477
0.43047526886336396	0.5695247311366477
0.43047526886336396	0.5695247311366477
0.6035144234796911	0.3964855765203198
0.43047526886336396	0.5695247311366477
0.43047526886336396	0.5695247311366477
0.43047526886336396	0.5695247311366477
0.43047526886336396	0.5695247311366477
0.43047526886336396	0.5695247311366477
0.43047526886336396	0.5695247311366477
0.43047526886336396	0.5695247311366477
0.4255693299038295	0.5744306700961817
0.6071279337540714	0.3928720662459394
0.43047526886336396	0.5695247311366477
0.622547386948468	0.377452613051543
0.43047526886336396	0.5695247311366477
0.4152321451926101	0.5847678548074021
0.43047526886336396	0.5695247311366477
0.5736975834452649	0.42630241655474654
0.43047526886336396	0.5695247311366477
0.5736975834452649	0.42630241655474654
0.5853002613108799	0.41469973868913207
0.5924198871043462	0.40758011289566565
0.43047526886336396	0.5695247311366477
0.6139532785915836	0.38604672140842755
0.43047526886336396	0.5695247311366477
0.588797838230357	0.4112021617696551
0.43047526886336396	0.5695247311366477
0.43047526886336396	0.5695247311366477
0.43047526886336396	0.5695247311366477
0.43047526886336396	0.5695247311366477
0.6139532785915836	0.38604672140842755
0.43047526886336396	0.5695247311366477
0.43047526886336396	0.5695247311366477
0.43047526886336396	0.5695247311366477
0.43047526886336396	0.5695247311366477
0.5788967710932371	0.42110322890677393
0.43047526886336396	0.5695247311366477
0.43047526886336396	0.5695247311366477
0.5703039720362696	0.4296960279637425
0.43047526886336396	0.5695247311366477
0.6199560103962818	0.38004398960373076
0.43047526886336396	0.5695247311366477
0.43047526886336396	0.5695247311366477
0.43047526886336396	0.5695247311366477
0.43047526886336396	0.5695247311366477
0.5788967710932371	0.42110322890677393
0.43047526886336396	0.5695247311366477
0.43047526886336396	0.5695247311366477
0.6170782339903917	0.38292176600962136
0.6248154108899271	0.3751845891100857
0.43047526886336396	0.5695247311366477
0.6199560103962818	0.38004398960373076
0.5695247311366456	0.43047526886336607
0.3957578173741513	0.6042421826258593
0.43047526886336396	0.5695247311366477
0.5703039720362696	0.4296960279637425
0.4185970956850278	0.5814029043149841
0.43047526886336396	0.5695247311366477
0.43047526886336396	0.5695247311366477
0.43047526886336396	0.5695247311366477
0.43047526886336396	0.5695247311366477
0.43047526886336396	0.5695247311366477
0.5853002613108799	0.41469973868913207
0.5695247311366456	0.43047526886336607
0.43047526886336396	0.5695247311366477
0.5788967710932371	0.42110322890677393
0.43047526886336396	0.5695247311366477
0.5695247311366456	0.43047526886336607
0.43047526886336396	0.5695247311366477
0.5695247311366456	0.43047526886336607
0.43047526886336396	0.5695247311366477
0.43047526886336396	0.5695247311366477
0.43047526886336396	0.5695247311366477
0.6139532785915836	0.38604672140842755
0.43047526886336396	0.5695247311366477
0.43047526886336396	0.5695247311366477
0.43047526886336396	0.5695247311366477
0.43047526886336396	0.5695247311366477
0.5998271805294264	0.40017281947058514
0.6282475983687348	0.371752401631277
0.43047526886336396	0.5695247311366477
0.43047526886336396	0.5695247311366477
0.43047526886336396	0.5695247311366477
0.5819804515954139	0.41801954840459793
0.43047526886336396	0.5695247311366477
0.43047526886336396	0.5695247311366477
0.43047526886336396	0.5695247311366477
0.43047526886336396	0.5695247311366477
0.43047526886336396	0.5695247311366477
0.5961129480145344	0.4038870519854767
0.43047526886336396	0.5695247311366477
0.43047526886336396	0.5695247311366477
0.43047526886336396	0.5695247311366477
0.43047526886336396	0.5695247311366477
0.43047526886336396	0.5695247311366477
0.43047526886336396	0.5695247311366477
0.43047526886336396	0.5695247311366477
0.43047526886336396	0.5695247311366477
0.43047526886336396	0.5695247311366477
0.5717309790921763	0.428269020907835
0.43047526886336396	0.5695247311366477
0.43047526886336396	0.5695247311366477
0.38937773319099056	0.6106222668090204
0.5853002613108799	0.41469973868913207
0.43047526886336396	0.5695247311366477
0.43047526886336396	0.5695247311366477
0.6139532785915836	0.38604672140842755
0.43047526886336396	0.5695247311366477
0.43047526886336396	0.5695247311366477
0.43047526886336396	0.5695247311366477
0.43047526886336396	0.5695247311366477
0.43047526886336396	0.5695247311366477
0.6170782339903917	0.38292176600962136
0.43047526886336396	0.5695247311366477
0.6302300010181907	0.3697699989818214
0.43047526886336396	0.5695247311366477
0.43047526886336396	0.5695247311366477
0.43047526886336396	0.5695247311366477
0.43047526886336396	0.5695247311366477
0.43047526886336396	0.5695247311366477
0.43047526886336396	0.5695247311366477
0.43047526886336396	0.5695247311366477
0.43047526886336396	0.5695247311366477
0.43047526886336396	0.5695247311366477
0.43047526886336396	0.5695247311366477
0.5695247311366456	0.43047526886336607
0.43047526886336396	0.5695247311366477
0.43047526886336396	0.5695247311366477
0.43047526886336396	0.5695247311366477
0.43047526886336396	0.5695247311366477
0.5695247311366456	0.43047526886336607
0.43047526886336396	0.5695247311366477
0.43047526886336396	0.5695247311366477
0.43047526886336396	0.5695247311366477
0.43047526886336396	0.5695247311366477
0.43047526886336396	0.5695247311366477
0.588797838230357	0.4112021617696551
0.43047526886336396	0.5695247311366477
0.5703039720362696	0.4296960279637425
0.5961129480145344	0.4038870519854767
0.6299701630592663	0.3700298369407452
0.43047526886336396	0.5695247311366477
0.5736975834452649	0.42630241655474654
0.588797838230357	0.4112021617696551
0.43047526886336396	0.5695247311366477
0.5703039720362696	0.4296960279637425
0.43047526886336396	0.5695247311366477
0.43047526886336396	0.5695247311366477
0.5695247311366456	0.43047526886336607
0.43047526886336396	0.5695247311366477
0.43047526886336396	0.5695247311366477
0.43047526886336396	0.5695247311366477
0.43047526886336396	0.5695247311366477
0.43047526886336396	0.5695247311366477
0.4283993149094143	0.5716006850905974
0.43047526886336396	0.5695247311366477
0.43047526886336396	0.5695247311366477
0.43047526886336396	0.5695247311366477
0.43047526886336396	0.5695247311366477
0.43047526886336396	0.5695247311366477
0.43047526886336396	0.5695247311366477
0.4180195484046011	0.581980451595411
0.6071279337540714	0.3928720662459394
0.588797838230357	0.4112021617696551
0.43047526886336396	0.5695247311366477
0.43047526886336396	0.5695247311366477
0.5761125030755703	0.42388749692444133
0.5819804515954139	0.41801954840459793
0.43047526886336396	0.5695247311366477
0.43047526886336396	0.5695247311366477
0.43047526886336396	0.5695247311366477
0.5924198871043462	0.40758011289566565
0.43047526886336396	0.5695247311366477
0.43047526886336396	0.5695247311366477
0.43047526886336396	0.5695247311366477
0.43047526886336396	0.5695247311366477
0.5695247311366456	0.43047526886336607
0.43047526886336396	0.5695247311366477
0.43047526886336396	0.5695247311366477
0.43047526886336396	0.5695247311366477
0.43047526886336396	0.5695247311366477
0.43047526886336396	0.5695247311366477
0.43047526886336396	0.5695247311366477
