0.5037212558907684	0.49627874410924155
0.5037212558907684	0.49627874410924155
0.5037212558907684	0.49627874410924155
0.5037212558907684	0.49627874410924155
0.5037212558907684	0.49627874410924155
0.5037212558907684	0.49627874410924155
0.5037212558907684	0.49627874410924155
0.5037212558907684	0.49627874410924155
0.5037212558907684	0.49627874410924155
0.5113167781529769	0.4886832218470327
0.5037212558907684	0.49627874410924155
0.5037212558907684	0.49627874410924155
0.5037212558907684	0.49627874410924155
0.5037212558907684	0.49627874410924155
0.5037212558907684	0.49627874410924155
0.5037212558907684	0.49627874410924155
0.5037212558907684	0.49627874410924155
0.5037212558907684	0.49627874410924155
0.5037212558907684	0.49627874410924155
0.5037212558907684	0.49627874410924155
0.5037212558907684	0.49627874410924155
0.5037212558907684	0.49627874410924155
0.5032598963221611	0.4967401036778488
0.5037212558907684	0.49627874410924155
0.5037212558907684	0.49627874410924155
0.5037212558907684	0.49627874410924155
0.5022247850594084	0.4977752149406012
0.5037212558907684	0.49627874410924155
0.5037212558907684	0.49627874410924155
0.5037212558907684	0.49627874410924155
0.5037212558907684	0.49627874410924155
0.5037212558907684	0.49627874410924155
0.5037212558907684	0.49627874410924155
0.4976123505079614	0.5023876494920487
0.5037212558907684	0.49627874410924155
0.5037212558907684	0.49627874410924155
0.5037212558907684	0.49627874410924155
0.5037212558907684	0.49627874410924155
0.5037212558907684	0.49627874410924155
0.5037212558907684	0.49627874410924155
0.5037212558907684	0.49627874410924155
0.5037212558907684	0.49627874410924155
0.5233305220337114	0.47666947796629866
0.5037212558907684	0.49627874410924155
0.4976123505079614	0.5023876494920487
0.5037212558907684	0.49627874410924155
0.5037212558907684	0.49627874410924155
0.5037212558907684	0.49627874410924155
0.5037212558907684	0.49627874410924155
0.5037212558907684	0.49627874410924155
0.5042731643040811	0.4957268356959287
0.4962787441092402	0.5037212558907701
0.5037212558907684	0.49627874410924155
0.5037212558907684	0.49627874410924155
0.5022247850594084	0.4977752149406012
0.5037212558907684	0.49627874410924155
0.5037212558907684	0.49627874410924155
0.5037212558907684	0.49627874410924155
0.5037212558907684	0.49627874410924155
0.5037212558907684	0.49627874410924155
0.5037212558907684	0.49627874410924155
0.5037212558907684	0.49627874410924155
0.5037212558907684	0.49627874410924155
0.5037212558907684	0.49627874410924155
0.5065015144846033	0.493498485515406
0.5037212558907684	0.49627874410924155
0.4711141556827528	0.5288858443172572
0.5037212558907684	0.49627874410924155
0.4976123505079614	0.5023876494920487
0.5163068686394892	0.4836931313605218
0.5037212558907684	0.49627874410924155
0.5037212558907684	0.49627874410924155
0.5037212558907684	0.49627874410924155
0.5037212558907684	0.49627874410924155
0.4967401036778504	0.5032598963221596
0.5037212558907684	0.49627874410924155
0.5037212558907684	0.49627874410924155
0.5037212558907684	0.49627874410924155
0.5037212558907684	0.49627874410924155
0.5037212558907684	0.49627874410924155
0.5004015912277223	0.49959840877228745
0.5037212558907684	0.49627874410924155
0.5037212558907684	0.49627874410924155
0.5037212558907684	0.49627874410924155
0.5037212558907684	0.49627874410924155
0.5037212558907684	0.49627874410924155
0.5037212558907684	0.49627874410924155
0.5037212558907684	0.49627874410924155
0.5037212558907684	0.49627874410924155
0.5037212558907684	0.49627874410924155
0.5037212558907684	0.49627874410924155
0.5037212558907684	0.49627874410924155
0.5037212558907684	0.49627874410924155
0.5037212558907684	0.49627874410924155
0.5037212558907684	0.49627874410924155
0.4976123505079614	0.5023876494920487
0.5163068686394892	0.4836931313605218
0.5022247850594084	0.4977752149406012
0.5037212558907684	0.49627874410924155
0.5037212558907684	0.49627874410924155
0.5037212558907684	0.49627874410924155
0.5037212558907684	0.49627874410924155
0.5037212558907684	0.49627874410924155
0.5037212558907684	0.49627874410924155
0.5042731643040811	0.4957268356959287
0.5037212558907684	0.49627874410924155
0.5037212558907684	0.49627874410924155
0.5037212558907684	0.49627874410924155
0.5037212558907684	0.49627874410924155
0.5037212558907684	0.49627874410924155
0.5037212558907684	0.49627874410924155
0.5037212558907684	0.49627874410924155
0.5037212558907684	0.49627874410924155
0.5065015144846033	0.493498485515406
0.5037212558907684	0.49627874410924155
0.5037212558907684	0.49627874410924155
0.5004015912277223	0.49959840877228745
0.5037212558907684	0.49627874410924155
0.5037212558907684	0.49627874410924155
0.4976123505079614	0.5023876494920487
0.5037212558907684	0.49627874410924155
0.5023958849394621	0.4976041150605475
0.5037212558907684	0.49627874410924155
0.5037212558907684	0.49627874410924155
0.5037212558907684	0.49627874410924155
0.5037212558907684	0.49627874410924155
0.5037212558907684	0.49627874410924155
0.5037212558907684	0.49627874410924155
0.5037212558907684	0.49627874410924155
0.5037212558907684	0.49627874410924155
0.5037212558907684	0.49627874410924155
0.4967401036778504	0.5032598963221596
0.5037212558907684	0.49627874410924155
0.5233305220337114	0.47666947796629866
0.5037212558907684	0.49627874410924155
0.5037212558907684	0.49627874410924155
0.5037212558907684	0.49627874410924155
0.5037212558907684	0.49627874410924155
0.5037212558907684	0.49627874410924155
0.5037212558907684	0.49627874410924155
0.5037212558907684	0.49627874410924155
0.4976123505079614	0.5023876494920487
0.5037212558907684	0.49627874410924155
0.5037212558907684	0.49627874410924155
0.5037212558907684	0.49627874410924155
0.5037212558907684	0.49627874410924155
0.5037212558907684	0.49627874410924155
0.5037212558907684	0.49627874410924155
0.5037212558907684	0.49627874410924155
0.5037212558907684	0.49627874410924155
0.5037212558907684	0.49627874410924155
0.5037212558907684	0.49627874410924155
0.5037212558907684	0.49627874410924155
0.513812714143301	0.48618728585671
0.4976123505079614	0.5023876494920487
0.5037212558907684	0.49627874410924155
0.5037212558907684	0.49627874410924155
0.5037212558907684	0.49627874410924155
0.5037212558907684	0.49627874410924155
0.5037212558907684	0.49627874410924155
0.5037212558907684	0.49627874410924155
0.5088645337082235	0.49113546629178617
0.5037212558907684	0.49627874410924155
0.5088645337082235	0.49113546629178617
0.5037212558907684	0.49627874410924155
0.5037212558907684	0.49627874410924155
0.5037212558907684	0.49627874410924155
0.513812714143301	0.48618728585671
0.5037212558907684	0.49627874410924155
0.5037212558907684	0.49627874410924155
0.5037212558907684	0.49627874410924155
0.5037212558907684	0.49627874410924155
0.5037212558907684	0.49627874410924155
0.5037212558907684	0.49627874410924155
0.5037212558907684	0.49627874410924155
0.5300594418153134	0.4699405581846969
0.5113167781529769	0.4886832218470327
0.5037212558907684	0.49627874410924155
0.5037212558907684	0.49627874410924155
0.5037212558907684	0.49627874410924155
0.5037212558907684	0.49627874410924155
0.513812714143301	0.48618728585671
0.5037212558907684	0.49627874410924155
0.5037212558907684	0.49627874410924155
0.5037212558907684	0.49627874410924155
0.5037212558907684	0.49627874410924155
0.5037212558907684	0.49627874410924155
0.5037212558907684	0.49627874410924155
0.5037212558907684	0.49627874410924155
0.5037212558907684	0.49627874410924155
0.5037212558907684	0.49627874410924155
0.5037212558907684	0.49627874410924155
0.5142220352279836	0.4857779647720274
0.5037212558907684	0.49627874410924155
0.5037212558907684	0.49627874410924155
0.5037212558907684	0.49627874410924155
0.5037212558907684	0.49627874410924155
0.5037212558907684	0.49627874410924155
0.5037212558907684	0.49627874410924155
0.5037212558907684	0.49627874410924155
0.5037212558907684	0.49627874410924155
0.5037212558907684	0.49627874410924155
0.5037212558907684	0.49627874410924155
0.5042731643040811	0.4957268356959287
0.5037212558907684	0.49627874410924155
0.5037212558907684	0.49627874410924155
0.5037212558907684	0.49627874410924155
0.5037212558907684	0.49627874410924155
0.4976123505079614	0.5023876494920487
0.5037212558907684	0.49627874410924155
0.5037212558907684	0.49627874410924155
0.5037212558907684	0.49627874410924155
0.5037212558907684	0.49627874410924155
0.5037212558907684	0.49627874410924155
0.5037212558907684	0.49627874410924155
0.5037212558907684	0.49627874410924155
0.5037212558907684	0.49627874410924155
0.5037212558907684	0.49627874410924155
0.5037212558907684	0.49627874410924155
0.5037212558907684	0.49627874410924155
0.5037212558907684	0.49627874410924155
0.4962787441092402	0.5037212558907701
0.49884888243476017	0.5011511175652499
0.5037212558907684	0.49627874410924155
0.5065015144846033	0.493498485515406
0.5037212558907684	0.49627874410924155
0.5037212558907684	0.49627874410924155
0.5037212558907684	0.49627874410924155
0.5037212558907684	0.49627874410924155
0.5037212558907684	0.49627874410924155
0.5037212558907684	0.49627874410924155
0.5037212558907684	0.49627874410924155
0.5037212558907684	0.49627874410924155
0.49884888243476017	0.5011511175652499
0.5022247850594084	0.4977752149406012
0.5037212558907684	0.49627874410924155
0.5037212558907684	0.49627874410924155
0.5037212558907684	0.49627874410924155
0.5037212558907684	0.49627874410924155
0.5037212558907684	0.49627874410924155
0.5037212558907684	0.49627874410924155
0.5037212558907684	0.49627874410924155
0.5037212558907684	0.49627874410924155
0.5037212558907684	0.49627874410924155
0.5037212558907684	0.49627874410924155
0.5037212558907684	0.49627874410924155
0.5037212558907684	0.49627874410924155
0.5037212558907684	0.49627874410924155
0.4962787441092402	0.5037212558907701
0.5037212558907684	0.49627874410924155
0.5037212558907684	0.49627874410924155
0.5037212558907684	0.49627874410924155
0.5037212558907684	0.49627874410924155
0.5037212558907684	0.49627874410924155
0.5300594418153134	0.4699405581846969
0.5022247850594084	0.4977752149406012
0.5037212558907684	0.49627874410924155
0.5037212558907684	0.49627874410924155
0.513812714143301	0.48618728585671
0.5037212558907684	0.49627874410924155
0.5037212558907684	0.49627874410924155
0.5037212558907684	0.49627874410924155
0.5037212558907684	0.49627874410924155
0.5037212558907684	0.49627874410924155
0.49884888243476017	0.5011511175652499
0.5037212558907684	0.49627874410924155
0.5037212558907684	0.49627874410924155
0.5037212558907684	0.49627874410924155
0.5037212558907684	0.49627874410924155
0.5037212558907684	0.49627874410924155
0.5037212558907684	0.49627874410924155
0.5037212558907684	0.49627874410924155
0.5037212558907684	0.49627874410924155
0.5037212558907684	0.49627874410924155
0.5037212558907684	0.49627874410924155
0.5037212558907684	0.49627874410924155
0.5037212558907684	0.49627874410924155
0.5037212558907684	0.49627874410924155
0.5037212558907684	0.49627874410924155
0.5037212558907684	0.49627874410924155
0.5022247850594084	0.4977752149406012
0.5088645337082235	0.49113546629178617
0.5187540719357826	0.4812459280642266
0.5037212558907684	0.49627874410924155
0.5037212558907684	0.49627874410924155
0.5037212558907684	0.49627874410924155
0.5037212558907684	0.49627874410924155
0.5037212558907684	0.49627874410924155
0.5037212558907684	0.49627874410924155
0.4967401036778504	0.5032598963221596
0.5037212558907684	0.49627874410924155
0.5037212558907684	0.49627874410924155
0.5037212558907684	0.49627874410924155
0.5022247850594084	0.4977752149406012
0.5037212558907684	0.49627874410924155
0.5037212558907684	0.49627874410924155
0.5037212558907684	0.49627874410924155
0.5037212558907684	0.49627874410924155
0.5037212558907684	0.49627874410924155
0.5037212558907684	0.49627874410924155
0.5037212558907684	0.49627874410924155
0.4962787441092402	0.5037212558907701
0.5037212558907684	0.49627874410924155
0.5037212558907684	0.49627874410924155
0.5037212558907684	0.49627874410924155
0.5037212558907684	0.49627874410924155
0.5037212558907684	0.49627874410924155
0.5088645337082235	0.49113546629178617
0.5037212558907684	0.49627874410924155
0.5037212558907684	0.49627874410924155
0.5037212558907684	0.49627874410924155
0.5037212558907684	0.49627874410924155
0.5037212558907684	0.49627874410924155
0.5037212558907684	0.49627874410924155
0.5037212558907684	0.49627874410924155
0.5042731643040811	0.4957268356959287
0.5037212558907684	0.49627874410924155
0.5022247850594084	0.4977752149406012
0.5037212558907684	0.49627874410924155
0.5037212558907684	0.49627874410924155
0.5037212558907684	0.49627874410924155
0.5037212558907684	0.49627874410924155
0.5065015144846033	0.493498485515406
0.5037212558907684	0.49627874410924155
0.5037212558907684	0.49627874410924155
0.5037212558907684	0.49627874410924155
0.5037212558907684	0.49627874410924155
0.5037212558907684	0.49627874410924155
0.5037212558907684	0.49627874410924155
0.5037212558907684	0.49627874410924155
0.5037212558907684	0.49627874410924155
0.4976123505079614	0.5023876494920487
0.5037212558907684	0.49627874410924155
0.5037212558907684	0.49627874410924155
0.5037212558907684	0.49627874410924155
0.5037212558907684	0.49627874410924155
0.5037212558907684	0.49627874410924155
0.5037212558907684	0.49627874410924155
0.5037212558907684	0.49627874410924155
0.5037212558907684	0.49627874410924155
0.5037212558907684	0.49627874410924155
0.5037212558907684	0.49627874410924155
0.5319150190835502	0.468084980916461
0.4976123505079614	0.5023876494920487
0.5037212558907684	0.49627874410924155
0.5037212558907684	0.49627874410924155
0.5037212558907684	0.49627874410924155
0.5037212558907684	0.49627874410924155
0.5037212558907684	0.49627874410924155
0.5037212558907684	0.49627874410924155
0.5037212558907684	0.49627874410924155
0.513812714143301	0.48618728585671
0.5037212558907684	0.49627874410924155
0.5037212558907684	0.49627874410924155
0.5037212558907684	0.49627874410924155
0.5037212558907684	0.49627874410924155
0.5004015912277223	0.49959840877228745
0.5037212558907684	0.49627874410924155
0.5037212558907684	0.49627874410924155
0.5037212558907684	0.49627874410924155
0.5037212558907684	0.49627874410924155
0.5037212558907684	0.49627874410924155
0.5037212558907684	0.49627874410924155
0.5037212558907684	0.49627874410924155
0.5037212558907684	0.49627874410924155
0.5037212558907684	0.49627874410924155
0.5037212558907684	0.49627874410924155
0.5037212558907684	0.49627874410924155
0.5037212558907684	0.49627874410924155
0.5037212558907684	0.49627874410924155
0.5037212558907684	0.49627874410924155
0.5004015912277223	0.49959840877228745
0.5037212558907684	0.49627874410924155
0.5037212558907684	0.49627874410924155
0.4967401036778504	0.5032598963221596
0.5037212558907684	0.49627874410924155
0.5163068686394892	0.4836931313605218
0.5037212558907684	0.49627874410924155
0.5037212558907684	0.49627874410924155
0.5037212558907684	0.49627874410924155
0.5037212558907684	0.49627874410924155
0.4976123505079614	0.5023876494920487
0.5037212558907684	0.49627874410924155
0.5037212558907684	0.49627874410924155
0.5037212558907684	0.49627874410924155
0.5037212558907684	0.49627874410924155
0.5004015912277223	0.49959840877228745
0.5037212558907684	0.49627874410924155
0.5037212558907684	0.49627874410924155
0.5037212558907684	0.49627874410924155
0.5037212558907684	0.49627874410924155
0.4976123505079614	0.5023876494920487
0.5037212558907684	0.49627874410924155
0.5319150190835502	0.468084980916461
0.5037212558907684	0.49627874410924155
0.5037212558907684	0.49627874410924155
0.5037212558907684	0.49627874410924155
0.5037212558907684	0.49627874410924155
0.5037212558907684	0.49627874410924155
0.5037212558907684	0.49627874410924155
0.5037212558907684	0.49627874410924155
0.5037212558907684	0.49627874410924155
0.5037212558907684	0.49627874410924155
0.4967401036778504	0.5032598963221596
0.5037212558907684	0.49627874410924155
0.5037212558907684	0.49627874410924155
0.5037212558907684	0.49627874410924155
0.5037212558907684	0.49627874410924155
0.5037212558907684	0.49627874410924155
0.5037212558907684	0.49627874410924155
0.5037212558907684	0.49627874410924155
0.5037212558907684	0.49627874410924155
0.5037212558907684	0.49627874410924155
0.5037212558907684	0.49627874410924155
0.5042731643040811	0.4957268356959287
0.5037212558907684	0.49627874410924155
0.5037212558907684	0.49627874410924155
0.5037212558907684	0.49627874410924155
0.5037212558907684	0.49627874410924155
0.5042731643040811	0.4957268356959287
0.5037212558907684	0.49627874410924155
0.5037212558907684	0.49627874410924155
0.5037212558907684	0.49627874410924155
0.5037212558907684	0.49627874410924155
0.5037212558907684	0.49627874410924155
0.5037212558907684	0.49627874410924155
0.5037212558907684	0.49627874410924155
0.5037212558907684	0.49627874410924155
0.5037212558907684	0.49627874410924155
0.5037212558907684	0.49627874410924155
0.4967401036778504	0.5032598963221596
0.5037212558907684	0.49627874410924155
0.5037212558907684	0.49627874410924155
0.5037212558907684	0.49627874410924155
0.5037212558907684	0.49627874410924155
0.5037212558907684	0.49627874410924155
0.5037212558907684	0.49627874410924155
0.5037212558907684	0.49627874410924155
0.5037212558907684	0.49627874410924155
0.5037212558907684	0.49627874410924155
0.5037212558907684	0.49627874410924155
0.513812714143301	0.48618728585671
0.5037212558907684	0.49627874410924155
0.5037212558907684	0.49627874410924155
0.5037212558907684	0.49627874410924155
0.5037212558907684	0.49627874410924155
0.5037212558907684	0.49627874410924155
0.5037212558907684	0.49627874410924155
0.5037212558907684	0.49627874410924155
0.5037212558907684	0.49627874410924155
0.5037212558907684	0.49627874410924155
0.5037212558907684	0.49627874410924155
0.4967401036778504	0.5032598963221596
0.5037212558907684	0.49627874410924155
0.5313079216985984	0.46869207830140985
0.5037212558907684	0.49627874410924155
0.5037212558907684	0.49627874410924155
0.5037212558907684	0.49627874410924155
0.5037212558907684	0.49627874410924155
0.5037212558907684	0.49627874410924155
0.5037212558907684	0.49627874410924155
0.5004015912277223	0.49959840877228745
0.5037212558907684	0.49627874410924155
0.5037212558907684	0.49627874410924155
0.5022247850594084	0.4977752149406012
0.5037212558907684	0.49627874410924155
0.4962787441092402	0.5037212558907701
0.5037212558907684	0.49627874410924155
0.5037212558907684	0.49627874410924155
0.5037212558907684	0.49627874410924155
0.5037212558907684	0.49627874410924155
0.5037212558907684	0.49627874410924155
0.5037212558907684	0.49627874410924155
0.5037212558907684	0.49627874410924155
0.5304320671072664	0.46956793289274207
0.5037212558907684	0.49627874410924155
0.5037212558907684	0.49627874410924155
0.5037212558907684	0.49627874410924155
0.5037212558907684	0.49627874410924155
0.5037212558907684	0.49627874410924155
0.5037212558907684	0.49627874410924155
0.5037212558907684	0.49627874410924155
0.4967401036778504	0.5032598963221596
0.5037212558907684	0.49627874410924155
0.5037212558907684	0.49627874410924155
0.5037212558907684	0.49627874410924155
0.5037212558907684	0.49627874410924155
0.5037212558907684	0.49627874410924155
0.5037212558907684	0.49627874410924155
0.5037212558907684	0.49627874410924155
0.5037212558907684	0.49627874410924155
0.5037212558907684	0.49627874410924155
0.5037212558907684	0.49627874410924155
0.5037212558907684	0.49627874410924155
0.5037212558907684	0.49627874410924155
0.5037212558907684	0.49627874410924155
0.4962787441092402	0.5037212558907701
0.5037212558907684	0.49627874410924155
0.5037212558907684	0.49627874410924155
0.5037212558907684	0.49627874410924155
0.5037212558907684	0.49627874410924155
0.5037212558907684	0.49627874410924155
0.4962787441092402	0.5037212558907701
0.5037212558907684	0.49627874410924155
0.5037212558907684	0.49627874410924155
0.5163068686394892	0.4836931313605218
0.5037212558907684	0.49627874410924155
0.5037212558907684	0.49627874410924155
0.5037212558907684	0.49627874410924155
0.5037212558907684	0.49627874410924155
0.5037212558907684	0.49627874410924155
0.5037212558907684	0.49627874410924155
0.5037212558907684	0.49627874410924155
0.5037212558907684	0.49627874410924155
0.5037212558907684	0.49627874410924155
0.5037212558907684	0.49627874410924155
0.5037212558907684	0.49627874410924155
0.5037212558907684	0.49627874410924155
0.5037212558907684	0.49627874410924155
0.5037212558907684	0.49627874410924155
0.5037212558907684	0.49627874410924155
0.5187540719357826	0.4812459280642266
0.5037212558907684	0.49627874410924155
0.5037212558907684	0.49627874410924155
0.5037212558907684	0.49627874410924155
0.5037212558907684	0.49627874410924155
0.5037212558907684	0.49627874410924155
0.5037212558907684	0.49627874410924155
0.5037212558907684	0.49627874410924155
0.5037212558907684	0.49627874410924155
0.5037212558907684	0.49627874410924155
0.5042731643040811	0.4957268356959287
0.5037212558907684	0.49627874410924155
0.5037212558907684	0.49627874410924155
0.5037212558907684	0.49627874410924155
0.5037212558907684	0.49627874410924155
0.5037212558907684	0.49627874410924155
0.5037212558907684	0.49627874410924155
0.5037212558907684	0.49627874410924155
0.531802495232495	0.4681975047675157
0.5037212558907684	0.49627874410924155
0.5233305220337114	0.47666947796629866
0.5037212558907684	0.49627874410924155
0.5037212558907684	0.49627874410924155
0.5037212558907684	0.49627874410924155
0.5037212558907684	0.49627874410924155
0.5037212558907684	0.49627874410924155
0.5037212558907684	0.49627874410924155
0.5037212558907684	0.49627874410924155
0.5037212558907684	0.49627874410924155
0.5037212558907684	0.49627874410924155
0.5187540719357826	0.4812459280642266
0.5037212558907684	0.49627874410924155
0.5037212558907684	0.49627874410924155
0.5037212558907684	0.49627874410924155
0.5037212558907684	0.49627874410924155
0.5037212558907684	0.49627874410924155
0.5037212558907684	0.49627874410924155
0.5037212558907684	0.49627874410924155
0.5088645337082235	0.49113546629178617
0.5037212558907684	0.49627874410924155
0.5037212558907684	0.49627874410924155
0.5037212558907684	0.49627874410924155
0.5037212558907684	0.49627874410924155
0.5037212558907684	0.49627874410924155
0.5037212558907684	0.49627874410924155
0.5037212558907684	0.49627874410924155
0.5037212558907684	0.49627874410924155
0.5037212558907684	0.49627874410924155
0.5037212558907684	0.49627874410924155
0.5037212558907684	0.49627874410924155
0.5037212558907684	0.49627874410924155
0.5042731643040811	0.4957268356959287
0.5037212558907684	0.49627874410924155
0.49884888243476017	0.5011511175652499
0.5037212558907684	0.49627874410924155
0.5037212558907684	0.49627874410924155
0.5037212558907684	0.49627874410924155
0.5037212558907684	0.49627874410924155
0.5113167781529769	0.4886832218470327
0.5037212558907684	0.49627874410924155
0.5211097872667558	0.4788902127332547
0.5037212558907684	0.49627874410924155
0.49996897484046077	0.500031025159549
0.5037212558907684	0.49627874410924155
0.513812714143301	0.48618728585671
0.5037212558907684	0.49627874410924155
0.4962787441092402	0.5037212558907701
0.5037212558907684	0.49627874410924155
0.5037212558907684	0.49627874410924155
0.5037212558907684	0.49627874410924155
0.5037212558907684	0.49627874410924155
0.5037212558907684	0.49627874410924155
0.5037212558907684	0.49627874410924155
0.49884888243476017	0.5011511175652499
0.5037212558907684	0.49627874410924155
0.5037212558907684	0.49627874410924155
0.5037212558907684	0.49627874410924155
0.5022247850594084	0.4977752149406012
0.5037212558907684	0.49627874410924155
0.5037212558907684	0.49627874410924155
0.5163068686394892	0.4836931313605218
0.5037212558907684	0.49627874410924155
0.5037212558907684	0.49627874410924155
0.49884888243476017	0.5011511175652499
0.5037212558907684	0.49627874410924155
0.5037212558907684	0.49627874410924155
0.4962787441092402	0.5037212558907701
0.5037212558907684	0.49627874410924155
0.5037212558907684	0.49627874410924155
0.5037212558907684	0.49627874410924155
0.5004015912277223	0.49959840877228745
0.5022247850594084	0.4977752149406012
0.5037212558907684	0.49627874410924155
0.5042731643040811	0.4957268356959287
0.5037212558907684	0.49627874410924155
0.5037212558907684	0.49627874410924155
0.5037212558907684	0.49627874410924155
0.5037212558907684	0.49627874410924155
0.5037212558907684	0.49627874410924155
0.5037212558907684	0.49627874410924155
0.4967401036778504	0.5032598963221596
0.5037212558907684	0.49627874410924155
0.5037212558907684	0.49627874410924155
0.5037212558907684	0.49627874410924155
0.5037212558907684	0.49627874410924155
0.5037212558907684	0.49627874410924155
0.5022247850594084	0.4977752149406012
0.4708037847409604	0.5291962152590514
0.5037212558907684	0.49627874410924155
0.5037212558907684	0.49627874410924155
0.5037212558907684	0.49627874410924155
0.5037212558907684	0.49627874410924155
0.5037212558907684	0.49627874410924155
0.5037212558907684	0.49627874410924155
0.5037212558907684	0.49627874410924155
0.49884888243476017	0.5011511175652499
0.5037212558907684	0.49627874410924155
0.5037212558907684	0.49627874410924155
0.5042731643040811	0.4957268356959287
0.5065015144846033	0.493498485515406
0.5037212558907684	0.49627874410924155
0.5037212558907684	0.49627874410924155
0.5037212558907684	0.49627874410924155
0.5037212558907684	0.49627874410924155
0.5088645337082235	0.49113546629178617
0.5037212558907684	0.49627874410924155
0.5037212558907684	0.49627874410924155
0.5037212558907684	0.49627874410924155
0.5037212558907684	0.49627874410924155
0.5037212558907684	0.49627874410924155
0.5037212558907684	0.49627874410924155
0.5037212558907684	0.49627874410924155
0.5088645337082235	0.49113546629178617
0.5037212558907684	0.49627874410924155
0.5037212558907684	0.49627874410924155
0.5037212558907684	0.49627874410924155
0.5037212558907684	0.49627874410924155
0.5037212558907684	0.49627874410924155
0.5037212558907684	0.49627874410924155
0.4967401036778504	0.5032598963221596
0.5037212558907684	0.49627874410924155
0.5037212558907684	0.49627874410924155
0.5022247850594084	0.4977752149406012
0.5037212558907684	0.49627874410924155
0.5037212558907684	0.49627874410924155
0.5037212558907684	0.49627874410924155
0.5065015144846033	0.493498485515406
0.4967401036778504	0.5032598963221596
0.5037212558907684	0.49627874410924155
0.5037212558907684	0.49627874410924155
0.5037212558907684	0.49627874410924155
0.5037212558907684	0.49627874410924155
0.5037212558907684	0.49627874410924155
0.5037212558907684	0.49627874410924155
0.4958948218232237	0.5041051781767866
0.5037212558907684	0.49627874410924155
0.5037212558907684	0.49627874410924155
0.5037212558907684	0.49627874410924155
0.5253743146148714	0.4746256853851386
0.5037212558907684	0.49627874410924155
0.5037212558907684	0.49627874410924155
0.5037212558907684	0.49627874410924155
0.5037212558907684	0.49627874410924155
0.5037212558907684	0.49627874410924155
0.5037212558907684	0.49627874410924155
0.5037212558907684	0.49627874410924155
0.5037212558907684	0.49627874410924155
0.4962787441092402	0.5037212558907701
0.5037212558907684	0.49627874410924155
0.5037212558907684	0.49627874410924155
0.5037212558907684	0.49627874410924155
0.5037212558907684	0.49627874410924155
0.5037212558907684	0.49627874410924155
0.5037212558907684	0.49627874410924155
0.5037212558907684	0.49627874410924155
0.4976123505079614	0.5023876494920487
0.5163068686394892	0.4836931313605218
0.4967401036778504	0.5032598963221596
0.5037212558907684	0.49627874410924155
0.5042731643040811	0.4957268356959287
0.5037212558907684	0.49627874410924155
0.5037212558907684	0.49627874410924155
0.5037212558907684	0.49627874410924155
0.5037212558907684	0.49627874410924155
0.4967401036778504	0.5032598963221596
0.5037212558907684	0.49627874410924155
0.5037212558907684	0.49627874410924155
0.5037212558907684	0.49627874410924155
0.5088645337082235	0.49113546629178617
0.5037212558907684	0.49627874410924155
0.5037212558907684	0.49627874410924155
0.5037212558907684	0.49627874410924155
0.5037212558907684	0.49627874410924155
0.5037212558907684	0.49627874410924155
0.5037212558907684	0.49627874410924155
0.5037212558907684	0.49627874410924155
0.5037212558907684	0.49627874410924155
0.5037212558907684	0.49627874410924155
0.4967401036778504	0.5032598963221596
0.5037212558907684	0.49627874410924155
0.5037212558907684	0.49627874410924155
0.5037212558907684	0.49627874410924155
0.5037212558907684	0.49627874410924155
0.5037212558907684	0.49627874410924155
0.5037212558907684	0.49627874410924155
0.4976123505079614	0.5023876494920487
0.5037212558907684	0.49627874410924155
0.5037212558907684	0.49627874410924155
0.5037212558907684	0.49627874410924155
0.5037212558907684	0.49627874410924155
0.5042731643040811	0.4957268356959287
0.5037212558907684	0.49627874410924155
0.5037212558907684	0.49627874410924155
0.5037212558907684	0.49627874410924155
0.5037212558907684	0.49627874410924155
0.5037212558907684	0.49627874410924155
0.5037212558907684	0.49627874410924155
0.5037212558907684	0.49627874410924155
0.5037212558907684	0.49627874410924155
0.4962787441092402	0.5037212558907701
0.5037212558907684	0.49627874410924155
0.5287742701925979	0.4712257298074114
0.5037212558907684	0.49627874410924155
0.5037212558907684	0.49627874410924155
0.5037212558907684	0.49627874410924155
0.4967401036778504	0.5032598963221596
0.5037212558907684	0.49627874410924155
0.5037212558907684	0.49627874410924155
0.4962787441092402	0.5037212558907701
0.5037212558907684	0.49627874410924155
0.4748404309198681	0.5251595690801425
0.5037212558907684	0.49627874410924155
0.5037212558907684	0.49627874410924155
0.5037212558907684	0.49627874410924155
0.5037212558907684	0.49627874410924155
0.5037212558907684	0.49627874410924155
0.5253743146148714	0.4746256853851386
0.5037212558907684	0.49627874410924155
0.5037212558907684	0.49627874410924155
0.4962787441092402	0.5037212558907701
0.5037212558907684	0.49627874410924155
0.5037212558907684	0.49627874410924155
0.5037212558907684	0.49627874410924155
0.5037212558907684	0.49627874410924155
0.5037212558907684	0.49627874410924155
0.5037212558907684	0.49627874410924155
0.5037212558907684	0.49627874410924155
0.5037212558907684	0.49627874410924155
0.5037212558907684	0.49627874410924155
0.5037212558907684	0.49627874410924155
0.4967401036778504	0.5032598963221596
0.5037212558907684	0.49627874410924155
0.5037212558907684	0.49627874410924155
0.5004015912277223	0.49959840877228745
0.5037212558907684	0.49627874410924155
0.5037212558907684	0.49627874410924155
0.5037212558907684	0.49627874410924155
0.5037212558907684	0.49627874410924155
0.5037212558907684	0.49627874410924155
0.5037212558907684	0.49627874410924155
0.5037212558907684	0.49627874410924155
0.5037212558907684	0.49627874410924155
0.5037212558907684	0.49627874410924155
0.5037212558907684	0.49627874410924155
0.5037212558907684	0.49627874410924155
0.5287742701925979	0.4712257298074114
0.5037212558907684	0.49627874410924155
0.5037212558907684	0.49627874410924155
0.5037212558907684	0.49627874410924155
0.5004015912277223	0.49959840877228745
0.5037212558907684	0.49627874410924155
0.5113167781529769	0.4886832218470327
0.5037212558907684	0.49627874410924155
0.5037212558907684	0.49627874410924155
0.5037212558907684	0.49627874410924155
0.49884888243476017	0.5011511175652499
0.5037212558907684	0.49627874410924155
0.5037212558907684	0.49627874410924155
0.5037212558907684	0.49627874410924155
0.5037212558907684	0.49627874410924155
0.5037212558907684	0.49627874410924155
0.5037212558907684	0.49627874410924155
0.5037212558907684	0.49627874410924155
0.5037212558907684	0.49627874410924155
0.5037212558907684	0.49627874410924155
0.5037212558907684	0.49627874410924155
0.5037212558907684	0.49627874410924155
0.5042731643040811	0.4957268356959287
0.5037212558907684	0.49627874410924155
0.5211097872667558	0.4788902127332547
0.5037212558907684	0.49627874410924155
0.5037212558907684	0.49627874410924155
0.5037212558907684	0.49627874410924155
0.5037212558907684	0.49627874410924155
0.5037212558907684	0.49627874410924155
0.5037212558907684	0.49627874410924155
0.5037212558907684	0.49627874410924155
0.4966893326615267	0.5033106673384832
0.5037212558907684	0.49627874410924155
0.5291835242017693	0.47081647579824026
0.5037212558907684	0.49627874410924155
0.5037212558907684	0.49627874410924155
0.5037212558907684	0.49627874410924155
0.5187540719357826	0.4812459280642266
0.5037212558907684	0.49627874410924155
0.5037212558907684	0.49627874410924155
0.5037212558907684	0.49627874410924155
0.513812714143301	0.48618728585671
0.5037212558907684	0.49627874410924155
0.5037212558907684	0.49627874410924155
0.513812714143301	0.48618728585671
0.5037212558907684	0.49627874410924155
0.5037212558907684	0.49627874410924155
0.5037212558907684	0.49627874410924155
0.513812714143301	0.48618728585671
0.5163068686394892	0.4836931313605218
0.5037212558907684	0.49627874410924155
0.5037212558907684	0.49627874410924155
0.5022247850594084	0.4977752149406012
0.5037212558907684	0.49627874410924155
0.5037212558907684	0.49627874410924155
0.5037212558907684	0.49627874410924155
0.5037212558907684	0.49627874410924155
0.5037212558907684	0.49627874410924155
0.4976123505079614	0.5023876494920487
0.4962787441092402	0.5037212558907701
0.5065015144846033	0.493498485515406
0.5037212558907684	0.49627874410924155
0.5022247850594084	0.4977752149406012
0.5037212558907684	0.49627874410924155
0.5037212558907684	0.49627874410924155
0.5037212558907684	0.49627874410924155
0.5037212558907684	0.49627874410924155
0.5037212558907684	0.49627874410924155
0.5037212558907684	0.49627874410924155
0.5037212558907684	0.49627874410924155
0.5037212558907684	0.49627874410924155
0.5037212558907684	0.49627874410924155
0.5037212558907684	0.49627874410924155
0.5037212558907684	0.49627874410924155
0.4976123505079614	0.5023876494920487
0.5037212558907684	0.49627874410924155
0.5037212558907684	0.49627874410924155
0.5037212558907684	0.49627874410924155
0.5037212558907684	0.49627874410924155
0.5037212558907684	0.49627874410924155
0.5037212558907684	0.49627874410924155
0.5037212558907684	0.49627874410924155
0.5037212558907684	0.49627874410924155
0.5037212558907684	0.49627874410924155
0.4962787441092402	0.5037212558907701
0.5037212558907684	0.49627874410924155
0.5037212558907684	0.49627874410924155
0.5065015144846033	0.493498485515406
0.5037212558907684	0.49627874410924155
0.5037212558907684	0.49627874410924155
0.5037212558907684	0.49627874410924155
0.5037212558907684	0.49627874410924155
0.5037212558907684	0.49627874410924155
0.5037212558907684	0.49627874410924155
0.5163068686394892	0.4836931313605218
0.5037212558907684	0.49627874410924155
0.5037212558907684	0.49627874410924155
0.5037212558907684	0.49627874410924155
0.5163068686394892	0.4836931313605218
0.5037212558907684	0.49627874410924155
0.5037212558907684	0.49627874410924155
0.5211097872667558	0.4788902127332547
0.5037212558907684	0.49627874410924155
0.4962787441092402	0.5037212558907701
0.5037212558907684	0.49627874410924155
0.5037212558907684	0.49627874410924155
0.5037212558907684	0.49627874410924155
0.5037212558907684	0.49627874410924155
0.5037212558907684	0.49627874410924155
0.5037212558907684	0.49627874410924155
0.5037212558907684	0.49627874410924155
0.4934984855154079	0.5065015144846015
0.5037212558907684	0.49627874410924155
0.5037212558907684	0.49627874410924155
0.5037212558907684	0.49627874410924155
0.5037212558907684	0.49627874410924155
0.5037212558907684	0.49627874410924155
0.5037212558907684	0.49627874410924155
0.4967401036778504	0.5032598963221596
0.5037212558907684	0.49627874410924155
0.5037212558907684	0.49627874410924155
0.5037212558907684	0.49627874410924155
0.5037212558907684	0.49627874410924155
0.5004908851149085	0.4995091148851018
0.5037212558907684	0.49627874410924155
0.5037212558907684	0.49627874410924155
0.5037212558907684	0.49627874410924155
0.4976123505079614	0.5023876494920487
0.5042731643040811	0.4957268356959287
0.4967401036778504	0.5032598963221596
0.5037212558907684	0.49627874410924155
0.5037212558907684	0.49627874410924155
0.5037212558907684	0.49627874410924155
0.4976123505079614	0.5023876494920487
0.5037212558907684	0.49627874410924155
0.5037212558907684	0.49627874410924155
0.5037212558907684	0.49627874410924155
0.5037212558907684	0.49627874410924155
0.5037212558907684	0.49627874410924155
0.5037212558907684	0.49627874410924155
0.5037212558907684	0.49627874410924155
0.49884888243476017	0.5011511175652499
0.5037212558907684	0.49627874410924155
0.5042731643040811	0.4957268356959287
0.5037212558907684	0.49627874410924155
0.5037212558907684	0.49627874410924155
0.5037212558907684	0.49627874410924155
0.5037212558907684	0.49627874410924155
0.5037212558907684	0.49627874410924155
0.49884888243476017	0.5011511175652499
0.5037212558907684	0.49627874410924155
0.5037212558907684	0.49627874410924155
0.5037212558907684	0.49627874410924155
0.4967401036778504	0.5032598963221596
0.5088645337082235	0.49113546629178617
0.5037212558907684	0.49627874410924155
0.5037212558907684	0.49627874410924155
0.5037212558907684	0.49627874410924155
0.5037212558907684	0.49627874410924155
0.5300594418153134	0.4699405581846969
0.5037212558907684	0.49627874410924155
0.5037212558907684	0.49627874410924155
0.5037212558907684	0.49627874410924155
0.5163068686394892	0.4836931313605218
0.5037212558907684	0.49627874410924155
0.5037212558907684	0.49627874410924155
0.5037212558907684	0.49627874410924155
0.4962787441092402	0.5037212558907701
0.5037212558907684	0.49627874410924155
0.4976123505079614	0.5023876494920487
0.5037212558907684	0.49627874410924155
0.5037212558907684	0.49627874410924155
0.5037212558907684	0.49627874410924155
0.5037212558907684	0.49627874410924155
0.5042731643040811	0.4957268356959287
0.5037212558907684	0.49627874410924155
0.5037212558907684	0.49627874410924155
0.5037212558907684	0.49627874410924155
0.5037212558907684	0.49627874410924155
0.5037212558907684	0.49627874410924155
0.5037212558907684	0.49627874410924155
0.5037212558907684	0.49627874410924155
0.49884888243476017	0.5011511175652499
0.5037212558907684	0.49627874410924155
0.5037212558907684	0.49627874410924155
0.5037212558907684	0.49627874410924155
0.5037212558907684	0.49627874410924155
0.5037212558907684	0.49627874410924155
0.5037212558907684	0.49627874410924155
0.5037212558907684	0.49627874410924155
0.5037212558907684	0.49627874410924155
0.5037212558907684	0.49627874410924155
0.5037212558907684	0.49627874410924155
0.5037212558907684	0.49627874410924155
0.5037212558907684	0.49627874410924155
0.5037212558907684	0.49627874410924155
0.5037212558907684	0.49627874410924155
0.5037212558907684	0.49627874410924155
0.5037212558907684	0.49627874410924155
0.5037212558907684	0.49627874410924155
0.5037212558907684	0.49627874410924155
0.5037212558907684	0.49627874410924155
0.5037212558907684	0.49627874410924155
0.4976123505079614	0.5023876494920487
0.5037212558907684	0.49627874410924155
0.5037212558907684	0.49627874410924155
0.5037212558907684	0.49627874410924155
0.5037212558907684	0.49627874410924155
0.5037212558907684	0.49627874410924155
0.5037212558907684	0.49627874410924155
0.5037212558907684	0.49627874410924155
0.5037212558907684	0.49627874410924155
0.5272012893282344	0.4727987106717768
